   x        y
   0.0000000000000000        0.0000000000000000     
   1.0000000000000000E-003   1.0000000000000000E-003
   2.0000000000000000E-003   2.0000009999999999E-003
   3.0000000000000001E-003   3.0000050000040003E-003
   4.0000000000000001E-003   4.0000140000340002E-003
   5.0000000000000001E-003   5.0000300001460003E-003
   6.0000000000000001E-003   6.0000550004460033E-003
   7.0000000000000001E-003   7.0000910011060119E-003
   8.0000000000000002E-003   8.0001400023800365E-003
   9.0000000000000011E-003   9.0002040046200937E-003
   1.0000000000000002E-002   1.0000285008292219E-002
   1.1000000000000003E-002   1.1000385013992467E-002
   1.2000000000000004E-002   1.2000506022462923E-002
   1.3000000000000005E-002   1.3000650034607718E-002
   1.4000000000000005E-002   1.4000819051509041E-002
   1.5000000000000006E-002   1.5001015074443154E-002
   1.6000000000000007E-002   1.6001240104896418E-002
   1.7000000000000008E-002   1.7001496144581314E-002
   1.8000000000000009E-002   1.8001785195452466E-002
   1.9000000000000010E-002   1.9002109259722691E-002
   2.0000000000000011E-002   2.0002470339879008E-002
   2.1000000000000012E-002   2.1002870438698706E-002
   2.2000000000000013E-002   2.2003311559265371E-002
   2.3000000000000013E-002   2.3003795704984946E-002
   2.4000000000000014E-002   2.4004324879601784E-002
   2.5000000000000015E-002   2.5004901087214711E-002
   2.6000000000000016E-002   2.6005526332293093E-002
   2.7000000000000017E-002   2.7006202619692912E-002
   2.8000000000000018E-002   2.8006931954672847E-002
   2.9000000000000019E-002   2.9007716342910359E-002
   3.0000000000000020E-002   3.0008557790517788E-002
   3.1000000000000021E-002   3.1009458304058456E-002
   3.2000000000000021E-002   3.2010419890562768E-002
   3.3000000000000022E-002   3.3011444557544338E-002
   3.4000000000000023E-002   3.4012534313016117E-002
   3.5000000000000024E-002   3.5013691165506511E-002
   3.6000000000000025E-002   3.6014917124075542E-002
   3.7000000000000026E-002   3.7016214198330996E-002
   3.8000000000000027E-002   3.8017584398444576E-002
   3.9000000000000028E-002   3.9019029735168069E-002
   4.0000000000000029E-002   4.0020552219849542E-002
   4.1000000000000029E-002   4.1022153864449525E-002
   4.2000000000000030E-002   4.2023836681557201E-002
   4.3000000000000031E-002   4.3025602684406639E-002
   4.4000000000000032E-002   4.4027453886892998E-002
   4.5000000000000033E-002   4.5029392303588760E-002
   4.6000000000000034E-002   4.6031419949759990E-002
   4.7000000000000035E-002   4.7033538841382581E-002
   4.8000000000000036E-002   4.8035750995158527E-002
   4.9000000000000037E-002   4.9038058428532198E-002
   5.0000000000000037E-002   5.0040463159706637E-002
   5.1000000000000038E-002   5.1042967207659877E-002
   5.2000000000000039E-002   5.2045572592161242E-002
   5.3000000000000040E-002   5.3048281333787688E-002
   5.4000000000000041E-002   5.4051095453940157E-002
   5.5000000000000042E-002   5.5054016974859926E-002
   5.6000000000000043E-002   5.6057047919644998E-002
   5.7000000000000044E-002   5.7060190312266466E-002
   5.8000000000000045E-002   5.8063446177584938E-002
   5.9000000000000045E-002   5.9066817541366952E-002
   6.0000000000000046E-002   6.0070306430301416E-002
   6.1000000000000047E-002   6.1073914872016050E-002
   6.2000000000000048E-002   6.2077644895093848E-002
   6.3000000000000042E-002   6.3081498529089564E-002
   6.4000000000000043E-002   6.4085477804546237E-002
   6.5000000000000044E-002   6.5089584753011673E-002
   6.6000000000000045E-002   6.6093821407054998E-002
   6.7000000000000046E-002   6.7098189800283189E-002
   6.8000000000000047E-002   6.8102691967357659E-002
   6.9000000000000047E-002   6.9107329944010865E-002
   7.0000000000000048E-002   7.0112105767062852E-002
   7.1000000000000049E-002   7.1117021474437950E-002
   7.2000000000000050E-002   7.2122079105181341E-002
   7.3000000000000051E-002   7.3127280699475800E-002
   7.4000000000000052E-002   7.4132628298658299E-002
   7.5000000000000053E-002   7.5138123945236765E-002
   7.6000000000000054E-002   7.6143769682906773E-002
   7.7000000000000055E-002   7.7149567556568294E-002
   7.8000000000000055E-002   7.8155519612342461E-002
   7.9000000000000056E-002   7.9161627897588335E-002
   8.0000000000000057E-002   8.0167894460919736E-002
   8.1000000000000058E-002   8.1174321352222037E-002
   8.2000000000000059E-002   8.2180910622669037E-002
   8.3000000000000060E-002   8.3187664324739813E-002
   8.4000000000000061E-002   8.4194584512235618E-002
   8.5000000000000062E-002   8.5201673240296802E-002
   8.6000000000000063E-002   8.6208932565419755E-002
   8.7000000000000063E-002   8.7216364545473823E-002
   8.8000000000000064E-002   8.8223971239718355E-002
   8.9000000000000065E-002   8.9231754708819666E-002
   9.0000000000000066E-002   9.0239717014868076E-002
   9.1000000000000067E-002   9.1247860221395000E-002
   9.2000000000000068E-002   9.2256186393389977E-002
   9.3000000000000069E-002   9.3264697597317828E-002
   9.4000000000000070E-002   9.4273395901135745E-002
   9.5000000000000070E-002   9.5282283374310481E-002
   9.6000000000000071E-002   9.6291362087835508E-002
   9.7000000000000072E-002   9.7300634114248233E-002
   9.8000000000000073E-002   9.8310101527647270E-002
   9.9000000000000074E-002   9.9319766403709653E-002
  0.10000000000000007       0.10032963081970814     
  0.10100000000000008       0.10133969685452855     
  0.10200000000000008       0.10234996658868711     
  0.10300000000000008       0.10336044210434782     
  0.10400000000000008       0.10437112548533982     
  0.10500000000000008       0.10538201881717489     
  0.10600000000000008       0.10639312418706487     
  0.10700000000000008       0.10740444368393916     
  0.10800000000000008       0.10841597939846222     
  0.10900000000000008       0.10942773342305115     
  0.11000000000000008       0.11043970785189325     
  0.11100000000000008       0.11145190478096366     
  0.11200000000000009       0.11246432630804297     
  0.11300000000000009       0.11347697453273489     
  0.11400000000000009       0.11448985155648400     
  0.11500000000000009       0.11550295948259343     
  0.11600000000000009       0.11651630041624267     
  0.11700000000000009       0.11752987646450536     
  0.11800000000000009       0.11854368973636711     
  0.11900000000000009       0.11955774234274343     
  0.12000000000000009       0.12057203639649752     
  0.12100000000000009       0.12158657401245831     
  0.12200000000000009       0.12260135730743840     
  0.12300000000000010       0.12361638840025203     
  0.12400000000000010       0.12463166941173316     
  0.12500000000000008       0.12564720246475353     
  0.12600000000000008       0.12666298968424075     
  0.12700000000000009       0.12767903319719651     
  0.12800000000000009       0.12869533513271467     
  0.12900000000000009       0.12971189762199958     
  0.13000000000000009       0.13072872279838429     
  0.13100000000000009       0.13174581279734879     
  0.13200000000000009       0.13276316975653843     
  0.13300000000000009       0.13378079581578223     
  0.13400000000000009       0.13479869311711132     
  0.13500000000000009       0.13581686380477739     
  0.13600000000000009       0.13683531002527116     
  0.13700000000000009       0.13785403392734089     
  0.13800000000000009       0.13887303766201092     
  0.13900000000000010       0.13989232338260041     
  0.14000000000000010       0.14091189324474179     
  0.14100000000000010       0.14193174940639960     
  0.14200000000000010       0.14295189402788916     
  0.14300000000000010       0.14397232927189532     
  0.14400000000000010       0.14499305730349130     
  0.14500000000000010       0.14601408029015750     
  0.14600000000000010       0.14703540040180049     
  0.14700000000000010       0.14805701981077182     
  0.14800000000000010       0.14907894069188707     
  0.14900000000000010       0.15010116522244488     
  0.15000000000000011       0.15112369558224600     
  0.15100000000000011       0.15214653395361244     
  0.15200000000000011       0.15316968252140653     
  0.15300000000000011       0.15419314347305024     
  0.15400000000000011       0.15521691899854434     
  0.15500000000000011       0.15624101129048773     
  0.15600000000000011       0.15726542254409681     
  0.15700000000000011       0.15829015495722479     
  0.15800000000000011       0.15931521073038116     
  0.15900000000000011       0.16034059206675122     
  0.16000000000000011       0.16136630117221554     
  0.16100000000000012       0.16239234025536953     
  0.16200000000000012       0.16341871152754314     
  0.16300000000000012       0.16444541720282047     
  0.16400000000000012       0.16547245949805947     
  0.16500000000000012       0.16649984063291182     
  0.16600000000000012       0.16752756282984260     
  0.16700000000000012       0.16855562831415030     
  0.16800000000000012       0.16958403931398669     
  0.16900000000000012       0.17061279806037674     
  0.17000000000000012       0.17164190678723873     
  0.17100000000000012       0.17267136773140429     
  0.17200000000000013       0.17370118313263852     
  0.17300000000000013       0.17473135523366021     
  0.17400000000000013       0.17576188628016201     
  0.17500000000000013       0.17679277852083078     
  0.17600000000000013       0.17782403420736789     
  0.17700000000000013       0.17885565559450967     
  0.17800000000000013       0.17988764494004780     
  0.17900000000000013       0.18092000450484988     
  0.18000000000000013       0.18195273655287991     
  0.18100000000000013       0.18298584335121901     
  0.18200000000000013       0.18401932717008596     
  0.18300000000000013       0.18505319028285808     
  0.18400000000000014       0.18608743496609195     
  0.18500000000000014       0.18712206349954422     
  0.18600000000000014       0.18815707816619254     
  0.18700000000000014       0.18919248125225657     
  0.18800000000000014       0.19022827504721895     
  0.18900000000000014       0.19126446184384641     
  0.19000000000000014       0.19230104393821082     
  0.19100000000000014       0.19333802362971053     
  0.19200000000000014       0.19437540322109156     
  0.19300000000000014       0.19541318501846894     
  0.19400000000000014       0.19645137133134799     
  0.19500000000000015       0.19748996447264597     
  0.19600000000000015       0.19852896675871337     
  0.19700000000000015       0.19956838050935566     
  0.19800000000000015       0.20060820804785479     
  0.19900000000000015       0.20164845170099097     
  0.20000000000000015       0.20268911379906437     
  0.20100000000000015       0.20373019667591702     
  0.20200000000000015       0.20477170266895461     
  0.20300000000000015       0.20581363411916856     
  0.20400000000000015       0.20685599337115790     
  0.20500000000000015       0.20789878277315146     
  0.20600000000000016       0.20894200467703003     
  0.20700000000000016       0.20998566143834849     
  0.20800000000000016       0.21102975541635818     
  0.20900000000000016       0.21207428897402927     
  0.21000000000000016       0.21311926447807311     
  0.21100000000000016       0.21416468429896479     
  0.21200000000000016       0.21521055081096566     
  0.21300000000000016       0.21625686639214600     
  0.21400000000000016       0.21730363342440775     
  0.21500000000000016       0.21835085429350720     
  0.21600000000000016       0.21939853138907792     
  0.21700000000000016       0.22044666710465360     
  0.21800000000000017       0.22149526383769116     
  0.21900000000000017       0.22254432398959370     
  0.22000000000000017       0.22359384996573370     
  0.22100000000000017       0.22464384417547620     
  0.22200000000000017       0.22569430903220214     
  0.22300000000000017       0.22674524695333168     
  0.22400000000000017       0.22779666036034760     
  0.22500000000000017       0.22884855167881893     
  0.22600000000000017       0.22990092333842443     
  0.22700000000000017       0.23095377777297629     
  0.22800000000000017       0.23200711742044391     
  0.22900000000000018       0.23306094472297767     
  0.23000000000000018       0.23411526212693284     
  0.23100000000000018       0.23517007208289362     
  0.23200000000000018       0.23622537704569710     
  0.23300000000000018       0.23728117947445748     
  0.23400000000000018       0.23833748183259026     
  0.23500000000000018       0.23939428658783657     
  0.23600000000000018       0.24045159621228746     
  0.23700000000000018       0.24150941318240848     
  0.23800000000000018       0.24256773997906420     
  0.23900000000000018       0.24362657908754273     
  0.24000000000000019       0.24468593299758062     
  0.24100000000000019       0.24574580420338751     
  0.24200000000000019       0.24680619520367109     
  0.24300000000000019       0.24786710850166199     
  0.24400000000000019       0.24892854660513897     
  0.24500000000000019       0.24999051202645392     
  0.24600000000000019       0.25105300728255719     
  0.24700000000000019       0.25211603489502282     
  0.24800000000000019       0.25317959739007401     
  0.24900000000000019       0.25424369729860863     
  0.25000000000000017       0.25530833715622470     
  0.25100000000000017       0.25637351950324616     
  0.25200000000000017       0.25743924688474862     
  0.25300000000000017       0.25850552185058523     
  0.25400000000000017       0.25957234695541248     
  0.25500000000000017       0.26063972475871644     
  0.25600000000000017       0.26170765782483874     
  0.25700000000000017       0.26277614872300292     
  0.25800000000000017       0.26384520002734063     
  0.25900000000000017       0.26491481431691810     
  0.26000000000000018       0.26598499417576266     
  0.26100000000000018       0.26705574219288936     
  0.26200000000000018       0.26812706096232752     
  0.26300000000000018       0.26919895308314784     
  0.26400000000000018       0.27027142115948888     
  0.26500000000000018       0.27134446780058447     
  0.26600000000000018       0.27241809562079045     
  0.26700000000000018       0.27349230723961210     
  0.26800000000000018       0.27456710528173134     
  0.26900000000000018       0.27564249237703414     
  0.27000000000000018       0.27671847116063797     
  0.27100000000000019       0.27779504427291946     
  0.27200000000000019       0.27887221435954207     
  0.27300000000000019       0.27994998407148386     
  0.27400000000000019       0.28102835606506549     
  0.27500000000000019       0.28210733300197810     
  0.27600000000000019       0.28318691754931158     
  0.27700000000000019       0.28426711237958269     
  0.27800000000000019       0.28534792017076333     
  0.27900000000000019       0.28642934360630912     
  0.28000000000000019       0.28751138537518783     
  0.28100000000000019       0.28859404817190820     
  0.28200000000000019       0.28967733469654844     
  0.28300000000000020       0.29076124765478534     
  0.28400000000000020       0.29184578975792308     
  0.28500000000000020       0.29293096372292249     
  0.28600000000000020       0.29401677227243012     
  0.28700000000000020       0.29510321813480761     
  0.28800000000000020       0.29619030404416113     
  0.28900000000000020       0.29727803274037090     
  0.29000000000000020       0.29836640696912087     
  0.29100000000000020       0.29945542948192855     
  0.29200000000000020       0.30054510303617477     
  0.29300000000000020       0.30163543039513380     
  0.29400000000000021       0.30272641432800346     
  0.29500000000000021       0.30381805760993535     
  0.29600000000000021       0.30491036302206526     
  0.29700000000000021       0.30600333335154351     
  0.29800000000000021       0.30709697139156578     
  0.29900000000000021       0.30819127994140366     
  0.30000000000000021       0.30928626180643559     
  0.30100000000000021       0.31038191979817781     
  0.30200000000000021       0.31147825673431540     
  0.30300000000000021       0.31257527543873365     
  0.30400000000000021       0.31367297874154926     
  0.30500000000000022       0.31477136947914186     
  0.30600000000000022       0.31587045049418566     
  0.30700000000000022       0.31697022463568109     
  0.30800000000000022       0.31807069475898669     
  0.30900000000000022       0.31917186372585116     
  0.31000000000000022       0.32027373440444540     
  0.31100000000000022       0.32137630966939479     
  0.31200000000000022       0.32247959240181151     
  0.31300000000000022       0.32358358548932714     
  0.31400000000000022       0.32468829182612530     
  0.31500000000000022       0.32579371431297427     
  0.31600000000000023       0.32689985585726011     
  0.31700000000000023       0.32800671937301962     
  0.31800000000000023       0.32911430778097345     
  0.31900000000000023       0.33022262400855962     
  0.32000000000000023       0.33133167098996674     
  0.32100000000000023       0.33244145166616773     
  0.32200000000000023       0.33355196898495365     
  0.32300000000000023       0.33466322590096736     
  0.32400000000000023       0.33577522537573778     
  0.32500000000000023       0.33688797037771390     
  0.32600000000000023       0.33800146388229912     
  0.32700000000000023       0.33911570887188569     
  0.32800000000000024       0.34023070833588936     
  0.32900000000000024       0.34134646527078411     
  0.33000000000000024       0.34246298268013697     
  0.33100000000000024       0.34358026357464316     
  0.33200000000000024       0.34469831097216119     
  0.33300000000000024       0.34581712789774827     
  0.33400000000000024       0.34693671738369569     
  0.33500000000000024       0.34805708246956468     
  0.33600000000000024       0.34917822620222189     
  0.33700000000000024       0.35030015163587563     
  0.33800000000000024       0.35142286183211174     
  0.33900000000000025       0.35254635985992999     
  0.34000000000000025       0.35367064879578047     
  0.34100000000000025       0.35479573172360013     
  0.34200000000000025       0.35592161173484943     
  0.34300000000000025       0.35704829192854937     
  0.34400000000000025       0.35817577541131845     
  0.34500000000000025       0.35930406529740994     
  0.34600000000000025       0.36043316470874920     
  0.34700000000000025       0.36156307677497118     
  0.34800000000000025       0.36269380463345818     
  0.34900000000000025       0.36382535142937766     
  0.35000000000000026       0.36495772031572038     
  0.35100000000000026       0.36609091445333841     
  0.35200000000000026       0.36722493701098369     
  0.35300000000000026       0.36835979116534640     
  0.35400000000000026       0.36949548010109379     
  0.35500000000000026       0.37063200701090893     
  0.35600000000000026       0.37176937509552987     
  0.35700000000000026       0.37290758756378878     
  0.35800000000000026       0.37404664763265144     
  0.35900000000000026       0.37518655852725669     
  0.36000000000000026       0.37632732348095621     
  0.36100000000000027       0.37746894573535456     
  0.36200000000000027       0.37861142854034913     
  0.36300000000000027       0.37975477515417050     
  0.36400000000000027       0.38089898884342288     
  0.36500000000000027       0.38204407288312481     
  0.36600000000000027       0.38319003055674994     
  0.36700000000000027       0.38433686515626803     
  0.36800000000000027       0.38548457998218616     
  0.36900000000000027       0.38663317834359018     
  0.37000000000000027       0.38778266355818625     
  0.37100000000000027       0.38893303895234255     
  0.37200000000000027       0.39008430786113124     
  0.37300000000000028       0.39123647362837072     
  0.37400000000000028       0.39238953960666789     
  0.37500000000000028       0.39354350915746061     
  0.37600000000000028       0.39469838565106058     
  0.37700000000000028       0.39585417246669613     
  0.37800000000000028       0.39701087299255544     
  0.37900000000000028       0.39816849062582976     
  0.38000000000000028       0.39932702877275700     
  0.38100000000000028       0.40048649084866550     
  0.38200000000000028       0.40164688027801776     
  0.38300000000000028       0.40280820049445482     
  0.38400000000000029       0.40397045494084038     
  0.38500000000000029       0.40513364706930549     
  0.38600000000000029       0.40629778034129316     
  0.38700000000000029       0.40746285822760342     
  0.38800000000000029       0.40862888420843840     
  0.38900000000000029       0.40979586177344784     
  0.39000000000000029       0.41096379442177450     
  0.39100000000000029       0.41213268566210004     
  0.39200000000000029       0.41330253901269109     
  0.39300000000000029       0.41447335800144541     
  0.39400000000000029       0.41564514616593840     
  0.39500000000000030       0.41681790705346972     
  0.39600000000000030       0.41799164422111013     
  0.39700000000000030       0.41916636123574880     
  0.39800000000000030       0.42034206167414040     
  0.39900000000000030       0.42151874912295284     
  0.40000000000000030       0.42269642717881500     
  0.40100000000000030       0.42387509944836471     
  0.40200000000000030       0.42505476954829707     
  0.40300000000000030       0.42623544110541284     
  0.40400000000000030       0.42741711775666719     
  0.40500000000000030       0.42859980314921858     
  0.40600000000000031       0.42978350094047812     
  0.40700000000000031       0.43096821479815878     
  0.40800000000000031       0.43215394840032512     
  0.40900000000000031       0.43334070543544312     
  0.41000000000000031       0.43452848960243040     
  0.41100000000000031       0.43571730461070657     
  0.41200000000000031       0.43690715418024378     
  0.41300000000000031       0.43809804204161767     
  0.41400000000000031       0.43928997193605840     
  0.41500000000000031       0.44048294761550200     
  0.41600000000000031       0.44167697284264201     
  0.41700000000000031       0.44287205139098146     
  0.41800000000000032       0.44406818704488471     
  0.41900000000000032       0.44526538359963003     
  0.42000000000000032       0.44646364486146217     
  0.42100000000000032       0.44766297464764515     
  0.42200000000000032       0.44886337678651556     
  0.42300000000000032       0.45006485511753574     
  0.42400000000000032       0.45126741349134769     
  0.42500000000000032       0.45247105576982688     
  0.42600000000000032       0.45367578582613632     
  0.42700000000000032       0.45488160754478130     
  0.42800000000000032       0.45608852482166384     
  0.42900000000000033       0.45729654156413785     
  0.43000000000000033       0.45850566169106438     
  0.43100000000000033       0.45971588913286715     
  0.43200000000000033       0.46092722783158835     
  0.43300000000000033       0.46213968174094489     
  0.43400000000000033       0.46335325482638451     
  0.43500000000000033       0.46456795106514270     
  0.43600000000000033       0.46578377444629959     
  0.43700000000000033       0.46700072897083705     
  0.43800000000000033       0.46821881865169634     
  0.43900000000000033       0.46943804751383594     
  0.44000000000000034       0.47065841959428956     
  0.44100000000000034       0.47187993894222457     
  0.44200000000000034       0.47310260961900069     
  0.44300000000000034       0.47432643569822902     
  0.44400000000000034       0.47555142126583122     
  0.44500000000000034       0.47677757042009916     
  0.44600000000000034       0.47800488727175483     
  0.44700000000000034       0.47923337594401050     
  0.44800000000000034       0.48046304057262917     
  0.44900000000000034       0.48169388530598545     
  0.45000000000000034       0.48292591430512660     
  0.45100000000000035       0.48415913174383407     
  0.45200000000000035       0.48539354180868499     
  0.45300000000000035       0.48662914869911456     
  0.45400000000000035       0.48786595662747817     
  0.45500000000000035       0.48910396981911419     
  0.45600000000000035       0.49034319251240699     
  0.45700000000000035       0.49158362895885027     
  0.45800000000000035       0.49282528342311060     
  0.45900000000000035       0.49406816018309169     
  0.46000000000000035       0.49531226352999841     
  0.46100000000000035       0.49655759776840164     
  0.46200000000000035       0.49780416721630316     
  0.46300000000000036       0.49905197620520109     
  0.46400000000000036       0.50030102908015539     
  0.46500000000000036       0.50155133019985410     
  0.46600000000000036       0.50280288393667938     
  0.46700000000000036       0.50405569467677447     
  0.46800000000000036       0.50530976682011053     
  0.46900000000000036       0.50656510478055428     
  0.47000000000000036       0.50782171298593559     
  0.47100000000000036       0.50907959587811558     
  0.47200000000000036       0.51033875791305505     
  0.47300000000000036       0.51159920356088329     
  0.47400000000000037       0.51286093730596738     
  0.47500000000000037       0.51412396364698176     
  0.47600000000000037       0.51538828709697782     
  0.47700000000000037       0.51665391218345458     
  0.47800000000000037       0.51792084344842904     
  0.47900000000000037       0.51918908544850739     
  0.48000000000000037       0.52045864275495624     
  0.48100000000000037       0.52172951995377459     
  0.48200000000000037       0.52300172164576575     
  0.48300000000000037       0.52427525244661022     
  0.48400000000000037       0.52555011698693821     
  0.48500000000000038       0.52682631991240314     
  0.48600000000000038       0.52810386588375557     
  0.48700000000000038       0.52938275957691694     
  0.48800000000000038       0.53066300568305425     
  0.48900000000000038       0.53194460890865480     
  0.49000000000000038       0.53322757397560183     
  0.49100000000000038       0.53451190562124973     
  0.49200000000000038       0.53579760859850056     
  0.49300000000000038       0.53708468767588047     
  0.49400000000000038       0.53837314763761634     
  0.49500000000000038       0.53966299328371359     
  0.49600000000000039       0.54095422943003357     
  0.49700000000000039       0.54224686090837182     
  0.49800000000000039       0.54354089256653682     
  0.49900000000000039       0.54483632926842884     
  0.50000000000000033       0.54613317589411958     
  0.50100000000000033       0.54743143733993183     
  0.50200000000000033       0.54873111851851986     
  0.50300000000000034       0.55003222435895049     
  0.50400000000000034       0.55133475980678370     
  0.50500000000000034       0.55263872982415496     
  0.50600000000000034       0.55394413938985665     
  0.50700000000000034       0.55525099349942098     
  0.50800000000000034       0.55655929716520303     
  0.50900000000000034       0.55786905541646403     
  0.51000000000000034       0.55918027329945530     
  0.51100000000000034       0.56049295587750259     
  0.51200000000000034       0.56180710823109092     
  0.51300000000000034       0.56312273545794989     
  0.51400000000000035       0.56443984267313951     
  0.51500000000000035       0.56575843500913636     
  0.51600000000000035       0.56707851761592032     
  0.51700000000000035       0.56840009566106175     
  0.51800000000000035       0.56972317432980923     
  0.51900000000000035       0.57104775882517766     
  0.52000000000000035       0.57237385436803689     
  0.52100000000000035       0.57370146619720097     
  0.52200000000000035       0.57503059956951774     
  0.52300000000000035       0.57636125975995900     
  0.52400000000000035       0.57769345206171108     
  0.52500000000000036       0.57902718178626600     
  0.52600000000000036       0.58036245426351329     
  0.52700000000000036       0.58169927484183204     
  0.52800000000000036       0.58303764888818355     
  0.52900000000000036       0.58437758178820465     
  0.53000000000000036       0.58571907894630126     
  0.53100000000000036       0.58706214578574301     
  0.53200000000000036       0.58840678774875754     
  0.53300000000000036       0.58975301029662630     
  0.53400000000000036       0.59110081890978028     
  0.53500000000000036       0.59245021908789608     
  0.53600000000000037       0.59380121634999339     
  0.53700000000000037       0.59515381623453212     
  0.53800000000000037       0.59650802429951066     
  0.53900000000000037       0.59786384612256438     
  0.54000000000000037       0.59922128730106483     
  0.54100000000000037       0.60058035345221961     
  0.54200000000000037       0.60194105021317235     
  0.54300000000000037       0.60330338324110411     
  0.54400000000000037       0.60466735821333428     
  0.54500000000000037       0.60603298082742296     
  0.54600000000000037       0.60740025680127352     
  0.54700000000000037       0.60876919187323575     
  0.54800000000000038       0.61013979180220979     
  0.54900000000000038       0.61151206236775024     
  0.55000000000000038       0.61288600937017146     
  0.55100000000000038       0.61426163863065320     
  0.55200000000000038       0.61563895599134644     
  0.55300000000000038       0.61701796731548053     
  0.55400000000000038       0.61839867848747065     
  0.55500000000000038       0.61978109541302573     
  0.55600000000000038       0.62116522401925711     
  0.55700000000000038       0.62255107025478795     
  0.55800000000000038       0.62393864008986333     
  0.55900000000000039       0.62532793951646048     
  0.56000000000000039       0.62671897454840042     
  0.56100000000000039       0.62811175122145946     
  0.56200000000000039       0.62950627559348193     
  0.56300000000000039       0.63090255374449355     
  0.56400000000000039       0.63230059177681486     
  0.56500000000000039       0.63370039581517612     
  0.56600000000000039       0.63510197200683238     
  0.56700000000000039       0.63650532652167935     
  0.56800000000000039       0.63791046555236985     
  0.56900000000000039       0.63931739531443110     
  0.57000000000000040       0.64072612204638268     
  0.57100000000000040       0.64213665200985526     
  0.57200000000000040       0.64354899148970968     
  0.57300000000000040       0.64496314679415712     
  0.57400000000000040       0.64637912425487976     
  0.57500000000000040       0.64779693022715223     
  0.57600000000000040       0.64921657108996400     
  0.57700000000000040       0.65063805324614177     
  0.57800000000000040       0.65206138312247375     
  0.57900000000000040       0.65348656716983333     
  0.58000000000000040       0.65491361186330477     
  0.58100000000000041       0.65634252370230861     
  0.58200000000000041       0.65777330921072852     
  0.58300000000000041       0.65920597493703859     
  0.58400000000000041       0.66064052745443125     
  0.58500000000000041       0.66207697336094651     
  0.58600000000000041       0.66351531927960128     
  0.58700000000000041       0.66495557185851994     
  0.58800000000000041       0.66639773777106559     
  0.58900000000000041       0.66784182371597201     
  0.59000000000000041       0.66928783641747625     
  0.59100000000000041       0.67073578262545264     
  0.59200000000000041       0.67218566911554678     
  0.59300000000000042       0.67363750268931111     
  0.59400000000000042       0.67509129017434055     
  0.59500000000000042       0.67654703842440977     
  0.59600000000000042       0.67800475431961060     
  0.59700000000000042       0.67946444476649059     
  0.59800000000000042       0.68092611669819247     
  0.59900000000000042       0.68238977707459414     
  0.60000000000000042       0.68385543288245010     
  0.60100000000000042       0.68532309113553291     
  0.60200000000000042       0.68679275887477642     
  0.60300000000000042       0.68826444316841928     
  0.60400000000000043       0.68973815111214920     
  0.60500000000000043       0.69121388982924881     
  0.60600000000000043       0.69269166647074165     
  0.60700000000000043       0.69417148821553964     
  0.60800000000000043       0.69565336227059105     
  0.60900000000000043       0.69713729587102946     
  0.61000000000000043       0.69862329628032382     
  0.61100000000000043       0.70011137079042940     
  0.61200000000000043       0.70160152672193943     
  0.61300000000000043       0.70309377142423801     
  0.61400000000000043       0.70458811227565354     
  0.61500000000000044       0.70608455668361370     
  0.61600000000000044       0.70758311208480074     
  0.61700000000000044       0.70908378594530830     
  0.61800000000000044       0.71058658576079881     
  0.61900000000000044       0.71209151905666201     
  0.62000000000000044       0.71359859338817444     
  0.62100000000000044       0.71510781634066001     
  0.62200000000000044       0.71661919552965148     
  0.62300000000000044       0.71813273860105309     
  0.62400000000000044       0.71964845323130378     
  0.62500000000000044       0.72116634712754202     
  0.62600000000000044       0.72268642802777128     
  0.62700000000000045       0.72420870370102686     
  0.62800000000000045       0.72573318194754322     
  0.62900000000000045       0.72725987059892294     
  0.63000000000000045       0.72878877751830651     
  0.63100000000000045       0.73031991060054313     
  0.63200000000000045       0.73185327777236275     
  0.63300000000000045       0.73338888699254889     
  0.63400000000000045       0.73492674625211307     
  0.63500000000000045       0.73646686357446978     
  0.63600000000000045       0.73800924701561299     
  0.63700000000000045       0.73955390466429349     
  0.63800000000000046       0.74110084464219772     
  0.63900000000000046       0.74265007510412706     
  0.64000000000000046       0.74420160423817927     
  0.64100000000000046       0.74575544026592999     
  0.64200000000000046       0.74731159144261627     
  0.64300000000000046       0.74887006605732076     
  0.64400000000000046       0.75043087243315743     
  0.64500000000000046       0.75199401892745821     
  0.64600000000000046       0.75355951393196086     
  0.64700000000000046       0.75512736587299822     
  0.64800000000000046       0.75669758321168856     
  0.64900000000000047       0.75827017444412692     
  0.65000000000000047       0.75984514810157844     
  0.65100000000000047       0.76142251275067196     
  0.65200000000000047       0.76300227699359546     
  0.65300000000000047       0.76458444946829285     
  0.65400000000000047       0.76616903884866161     
  0.65500000000000047       0.76775605384475187     
  0.65600000000000047       0.76934550320296713     
  0.65700000000000047       0.77093739570626574     
  0.65800000000000047       0.77253174017436410     
  0.65900000000000047       0.77412854546394094     
  0.66000000000000048       0.77572782046884303     
  0.66100000000000048       0.77732957412029235     
  0.66200000000000048       0.77893381538709439     
  0.66300000000000048       0.78054055327584793     
  0.66400000000000048       0.78214979683115604     
  0.66500000000000048       0.78376155513583901     
  0.66600000000000048       0.78537583731114791     
  0.66700000000000048       0.78699265251698014     
  0.66800000000000048       0.78861200995209590     
  0.66900000000000048       0.79023391885433658     
  0.67000000000000048       0.79185838850084445     
  0.67100000000000048       0.79348542820828361     
  0.67200000000000049       0.79511504733306249     
  0.67300000000000049       0.79674725527155799     
  0.67400000000000049       0.79838206146034074     
  0.67500000000000049       0.80001947537640239     
  0.67600000000000049       0.80165950653738394     
  0.67700000000000049       0.80330216450180569     
  0.67800000000000049       0.80494745886929897     
  0.67900000000000049       0.80659539928083912     
  0.68000000000000049       0.80824599541898012     
  0.68100000000000049       0.80989925700809096     
  0.68200000000000049       0.81155519381459318     
  0.68300000000000050       0.81321381564720063     
  0.68400000000000050       0.81487513235716014     
  0.68500000000000050       0.81653915383849429     
  0.68600000000000050       0.81820589002824562     
  0.68700000000000050       0.81987535090672248     
  0.68800000000000050       0.82154754649774686     
  0.68900000000000050       0.82322248686890331     
  0.69000000000000050       0.82490018213178995     
  0.69100000000000050       0.82658064244227103     
  0.69200000000000050       0.82826387800073131     
  0.69300000000000050       0.82994989905233207     
  0.69400000000000051       0.83163871588726901     
  0.69500000000000051       0.83333033884103158     
  0.69600000000000051       0.83502477829466448     
  0.69700000000000051       0.83672204467503053     
  0.69800000000000051       0.83842214845507568     
  0.69900000000000051       0.84012510015409569     
  0.70000000000000051       0.84183091033800461     
  0.70100000000000051       0.84353958961960518     
  0.70200000000000051       0.84525114865886075     
  0.70300000000000051       0.84696559816316985     
  0.70400000000000051       0.84868294888764173     
  0.70500000000000052       0.85040321163537436     
  0.70600000000000052       0.85212639725773409     
  0.70700000000000052       0.85385251665463757     
  0.70800000000000052       0.85558158077483504     
  0.70900000000000052       0.85731360061619621     
  0.71000000000000052       0.85904858722599775     
  0.71100000000000052       0.86078655170121277     
  0.71200000000000052       0.86252750518880239     
  0.71300000000000052       0.86427145888600965     
  0.71400000000000052       0.86601842404065454     
  0.71500000000000052       0.86776841195143239     
  0.71600000000000052       0.86952143396821313     
  0.71700000000000053       0.87127750149234329     
  0.71800000000000053       0.87303662597694998     
  0.71900000000000053       0.87479881892724720     
  0.72000000000000053       0.87656409190084372     
  0.72100000000000053       0.87833245650805369     
  0.72200000000000053       0.88010392441220919     
  0.72300000000000053       0.88187850732997497     
  0.72400000000000053       0.88365621703166553     
  0.72500000000000053       0.88543706534156419     
  0.72600000000000053       0.88722106413824486     
  0.72700000000000053       0.88900822535489543     
  0.72800000000000054       0.89079856097964405     
  0.72900000000000054       0.89259208305588744     
  0.73000000000000054       0.89438880368262152     
  0.73100000000000054       0.89618873501477436     
  0.73200000000000054       0.89799188926354179     
  0.73300000000000054       0.89979827869672491     
  0.73400000000000054       0.90160791563907050     
  0.73500000000000054       0.90342081247261352     
  0.73600000000000054       0.90523698163702215     
  0.73700000000000054       0.90705643562994542     
  0.73800000000000054       0.90887918700736314     
  0.73900000000000055       0.91070524838393829     
  0.74000000000000055       0.91253463243337229     
  0.74100000000000055       0.91436735188876261     
  0.74200000000000055       0.91620341954296269     
  0.74300000000000055       0.91804284824894489     
  0.74400000000000055       0.91988565092016594     
  0.74500000000000055       0.92173184053093471     
  0.74600000000000055       0.92358143011678329     
  0.74700000000000055       0.92543443277483983     
  0.74800000000000055       0.92729086166420516     
  0.74900000000000055       0.92915073000633108     
  0.75000000000000056       0.93101405108540236     
  0.75100000000000056       0.93288083824872081     
  0.75200000000000056       0.93475110490709246     
  0.75300000000000056       0.93662486453521754     
  0.75400000000000056       0.93850213067208310     
  0.75500000000000056       0.94038291692135911     
  0.75600000000000056       0.94226723695179659     
  0.75700000000000056       0.94415510449762940     
  0.75800000000000056       0.94604653335897837     
  0.75900000000000056       0.94794153740225895     
  0.76000000000000056       0.94984013056059147     
  0.76100000000000056       0.95174232683421478     
  0.76200000000000057       0.95364814029090261     
  0.76300000000000057       0.95555758506638289     
  0.76400000000000057       0.95747067536476083     
  0.76500000000000057       0.95938742545894429     
  0.76600000000000057       0.96130784969107308     
  0.76700000000000057       0.96323196247295073     
  0.76800000000000057       0.96515977828648025     
  0.76900000000000057       0.96709131168410223     
  0.77000000000000057       0.96902657728923713     
  0.77100000000000057       0.97096558979672998     
  0.77200000000000057       0.97290836397329927     
  0.77300000000000058       0.97485491465798846     
  0.77400000000000058       0.97680525676262131     
  0.77500000000000058       0.97875940527226035     
  0.77600000000000058       0.98071737524566927     
  0.77700000000000058       0.98267918181577807     
  0.77800000000000058       0.98464484019015219     
  0.77900000000000058       0.98661436565146532     
  0.78000000000000058       0.98858777355797511     
  0.78100000000000058       0.99056507934400340     
  0.78200000000000058       0.99254629852041920     
  0.78300000000000058       0.99453144667512583     
  0.78400000000000059       0.99652053947355157     
  0.78500000000000059       0.99851359265914419     
  0.78600000000000059        1.0005106220538693     
  0.78700000000000059        1.0025116435587120     
  0.78800000000000059        1.0045166731541828     
  0.78900000000000059        1.0065257269008276     
  0.79000000000000059        1.0085388209397408     
  0.79100000000000059        1.0105559714930834     
  0.79200000000000059        1.0125771948646036     
  0.79300000000000059        1.0146025074401634     
  0.79400000000000059        1.0166319256882672     
  0.79500000000000060        1.0186654661605958     
  0.79600000000000060        1.0207031454925439     
  0.79700000000000060        1.0227449804037623     
  0.79800000000000060        1.0247909876987034     
  0.79900000000000060        1.0268411842671719     
  0.80000000000000060        1.0288955870848790     
  0.80100000000000060        1.0309542132140017     
  0.80200000000000060        1.0330170798037455     
  0.80300000000000060        1.0350842040909116     
  0.80400000000000060        1.0371556034004701     
  0.80500000000000060        1.0392312951461351     
  0.80600000000000060        1.0413112968309461     
  0.80700000000000061        1.0433956260478539     
  0.80800000000000061        1.0454843004803096     
  0.80900000000000061        1.0475773379028603     
  0.81000000000000061        1.0496747561817479     
  0.81100000000000061        1.0517765732755131     
  0.81200000000000061        1.0538828072356043     
  0.81300000000000061        1.0559934762069911     
  0.81400000000000061        1.0581085984287828     
  0.81500000000000061        1.0602281922348518     
  0.81600000000000061        1.0623522760544613     
  0.81700000000000061        1.0644808684128992     
  0.81800000000000062        1.0666139879321164     
  0.81900000000000062        1.0687516533313688     
  0.82000000000000062        1.0708938834278674     
  0.82100000000000062        1.0730406971374307     
  0.82200000000000062        1.0751921134751439     
  0.82300000000000062        1.0773481515560230     
  0.82400000000000062        1.0795088305956841     
  0.82500000000000062        1.0816741699110182     
  0.82600000000000062        1.0838441889208708     
  0.82700000000000062        1.0860189071467283     
  0.82800000000000062        1.0881983442134084     
  0.82900000000000063        1.0903825198497572     
  0.83000000000000063        1.0925714538893512     
  0.83100000000000063        1.0947651662712050     
  0.83200000000000063        1.0969636770404858     
  0.83300000000000063        1.0991670063492320     
  0.83400000000000063        1.1013751744570788     
  0.83500000000000063        1.1035882017319891     
  0.83600000000000063        1.1058061086509912     
  0.83700000000000063        1.1080289158009211     
  0.83800000000000063        1.1102566438791721     
  0.83900000000000063        1.1124893136944500     
  0.84000000000000064        1.1147269461675344     
  0.84100000000000064        1.1169695623320464     
  0.84200000000000064        1.1192171833352227     
  0.84300000000000064        1.1214698304386954     
  0.84400000000000064        1.1237275250192795     
  0.84500000000000064        1.1259902885697655     
  0.84600000000000064        1.1282581426997189     
  0.84700000000000064        1.1305311091362871     
  0.84800000000000064        1.1328092097250120     
  0.84900000000000064        1.1350924664306499     
  0.85000000000000064        1.1373809013379974     
  0.85100000000000064        1.1396745366527259     
  0.85200000000000065        1.1419733947022206     
  0.85300000000000065        1.1442774979364283     
  0.85400000000000065        1.1465868689287120     
  0.85500000000000065        1.1489015303767118     
  0.85600000000000065        1.1512215051032137     
  0.85700000000000065        1.1535468160570259     
  0.85800000000000065        1.1558774863138612     
  0.85900000000000065        1.1582135390772286     
  0.86000000000000065        1.1605549976793303     
  0.86100000000000065        1.1629018855819688     
  0.86200000000000065        1.1652542263774590     
  0.86300000000000066        1.1676120437895496     
  0.86400000000000066        1.1699753616743520     
  0.86500000000000066        1.1723442040212770     
  0.86600000000000066        1.1747185949539793     
  0.86700000000000066        1.1770985587313101     
  0.86800000000000066        1.1794841197482775     
  0.86900000000000066        1.1818753025370159     
  0.87000000000000066        1.1842721317677629     
  0.87100000000000066        1.1866746322498447     
  0.87200000000000066        1.1890828289326700     
  0.87300000000000066        1.1914967469067326     
  0.87400000000000067        1.1939164114046219     
  0.87500000000000067        1.1963418478020431     
  0.87600000000000067        1.1987730816188455     
  0.87700000000000067        1.2012101385200595     
  0.87800000000000067        1.2036530443169429     
  0.87900000000000067        1.2061018249680364     
  0.88000000000000067        1.2085565065802277     
  0.88100000000000067        1.2110171154098250     
  0.88200000000000067        1.2134836778636406     
  0.88300000000000067        1.2159562205000820     
  0.88400000000000067        1.2184347700302549     
  0.88500000000000068        1.2209193533190736     
  0.88600000000000068        1.2234099973863828     
  0.88700000000000068        1.2259067294080876     
  0.88800000000000068        1.2284095767172958     
  0.88900000000000068        1.2309185668054665     
  0.89000000000000068        1.2334337273235729     
  0.89100000000000068        1.2359550860832722     
  0.89200000000000068        1.2384826710580874     
  0.89300000000000068        1.2410165103845985     
  0.89400000000000068        1.2435566323636456     
  0.89500000000000068        1.2461030654615413     
  0.89600000000000068        1.2486558383112940     
  0.89700000000000069        1.2512149797138430     
  0.89800000000000069        1.2537805186393034     
  0.89900000000000069        1.2563524842282228     
  0.90000000000000069        1.2589309057928493     
  0.90100000000000069        1.2615158128184096     
  0.90200000000000069        1.2641072349644005     
  0.90300000000000069        1.2667052020658898     
  0.90400000000000069        1.2693097441348307     
  0.90500000000000069        1.2719208913613862     
  0.90600000000000069        1.2745386741152678     
  0.90700000000000069        1.2771631229470832     
  0.90800000000000070        1.2797942685896992     
  0.90900000000000070        1.2824321419596143     
  0.91000000000000070        1.2850767741583455     
  0.91100000000000070        1.2877281964738267     
  0.91200000000000070        1.2903864403818204     
  0.91300000000000070        1.2930515375473417     
  0.91400000000000070        1.2957235198260952     
  0.91500000000000070        1.2984024192659258     
  0.91600000000000070        1.3010882681082814     
  0.91700000000000070        1.3037810987896903     
  0.91800000000000070        1.3064809439432514     
  0.91900000000000071        1.3091878364001384     
  0.92000000000000071        1.3119018091911165     
  0.92100000000000071        1.3146228955480754     
  0.92200000000000071        1.3173511289055746     
  0.92300000000000071        1.3200865429024033     
  0.92400000000000071        1.3228291713831553     
  0.92500000000000071        1.3255790483998175     
  0.92600000000000071        1.3283362082133741     
  0.92700000000000071        1.3311006852954248     
  0.92800000000000071        1.3338725143298187     
  0.92900000000000071        1.3366517302143033     
  0.93000000000000071        1.3394383680621882     
  0.93100000000000072        1.3422324632040252     
  0.93200000000000072        1.3450340511893040     
  0.93300000000000072        1.3478431677881626     
  0.93400000000000072        1.3506598489931159     
  0.93500000000000072        1.3534841310207979     
  0.93600000000000072        1.3563160503137230     
  0.93700000000000072        1.3591556435420618     
  0.93800000000000072        1.3620029476054341     
  0.93900000000000072        1.3648579996347199     
  0.94000000000000072        1.3677208369938867     
  0.94100000000000072        1.3705914972818340     
  0.94200000000000073        1.3734700183342554     
  0.94300000000000073        1.3763564382255185     
  0.94400000000000073        1.3792507952705633     
  0.94500000000000073        1.3821531280268178     
  0.94600000000000073        1.3850634752961322     
  0.94700000000000073        1.3879818761267315     
  0.94800000000000073        1.3909083698151878     
  0.94900000000000073        1.3938429959084098     
  0.95000000000000073        1.3967857942056527     
  0.95100000000000073        1.3997368047605474     
  0.95200000000000073        1.4026960678831486     
  0.95300000000000074        1.4056636241420035     
  0.95400000000000074        1.4086395143662396     
  0.95500000000000074        1.4116237796476736     
  0.95600000000000074        1.4146164613429404     
  0.95700000000000074        1.4176176010756427     
  0.95800000000000074        1.4206272407385221     
  0.95900000000000074        1.4236454224956505     
  0.96000000000000074        1.4266721887846434     
  0.96100000000000074        1.4297075823188949     
  0.96200000000000074        1.4327516460898351     
  0.96300000000000074        1.4358044233692082     
  0.96400000000000075        1.4388659577113747     
  0.96500000000000075        1.4419362929556354     
  0.96600000000000075        1.4450154732285780     
  0.96700000000000075        1.4481035429464479     
  0.96800000000000075        1.4512005468175420     
  0.96900000000000075        1.4543065298446254     
  0.97000000000000075        1.4574215373273740     
  0.97100000000000075        1.4605456148648397     
  0.97200000000000075        1.4636788083579406     
  0.97300000000000075        1.4668211640119768     
  0.97400000000000075        1.4699727283391704     
  0.97500000000000075        1.4731335481612313     
  0.97600000000000076        1.4763036706119494     
  0.97700000000000076        1.4794831431398117     
  0.97800000000000076        1.4826720135106466     
  0.97900000000000076        1.4858703298102942     
  0.98000000000000076        1.4890781404473048     
  0.98100000000000076        1.4922954941556628     
  0.98200000000000076        1.4955224399975400     
  0.98300000000000076        1.4987590273660762     
  0.98400000000000076        1.5020053059881875     
  0.98500000000000076        1.5052613259274041     
  0.98600000000000076        1.5085271375867368     
  0.98700000000000077        1.5118027917115724     
  0.98800000000000077        1.5150883393925993     
  0.98900000000000077        1.5183838320687628     
  0.99000000000000077        1.5216893215302507     
  0.99100000000000077        1.5250048599215098     
  0.99200000000000077        1.5283304997442941     
  0.99300000000000077        1.5316662938607428     
  0.99400000000000077        1.5350122954964920     
  0.99500000000000077        1.5383685582438174     
  0.99600000000000077        1.5417351360648106     
  0.99700000000000077        1.5451120832945875     
  0.99800000000000078        1.5484994546445305     
  0.99900000000000078        1.5518973052055649     
   1.0000000000000007        1.5553056904514693     
   1.0010000000000006        1.5587246662422201     
   1.0020000000000004        1.5621542888273721     
   1.0030000000000003        1.5655946148494737     
   1.0040000000000002        1.5690457013475194     
   1.0050000000000001        1.5725076057604366     
   1.0060000000000000        1.5759803859306110     
   1.0069999999999999        1.5794641001074490     
   1.0079999999999998        1.5829588069509772     
   1.0089999999999997        1.5864645655354810     
   1.0099999999999996        1.5899814353531807     
   1.0109999999999995        1.5935094763179485     
   1.0119999999999993        1.5970487487690637     
   1.0129999999999992        1.6005993134750085     
   1.0139999999999991        1.6041612316373051     
   1.0149999999999990        1.6077345648943933     
   1.0159999999999989        1.6113193753255495     
   1.0169999999999988        1.6149157254548490     
   1.0179999999999987        1.6185236782551704     
   1.0189999999999986        1.6221432971522431     
   1.0199999999999985        1.6257746460287390     
   1.0209999999999984        1.6294177892284090     
   1.0219999999999982        1.6330727915602630     
   1.0229999999999981        1.6367397183027974     
   1.0239999999999980        1.6404186352082673     
   1.0249999999999979        1.6441096085070057     
   1.0259999999999978        1.6478127049117908     
   1.0269999999999977        1.6515279916222594     
   1.0279999999999976        1.6552555363293713     
   1.0289999999999975        1.6589954072199202     
   1.0299999999999974        1.6627476729810970     
   1.0309999999999973        1.6665124028051010     
   1.0319999999999971        1.6702896663938043     
   1.0329999999999970        1.6740795339634662     
   1.0339999999999969        1.6778820762495015     
   1.0349999999999968        1.6816973645113009     
   1.0359999999999967        1.6855254705371052     
   1.0369999999999966        1.6893664666489345     
   1.0379999999999965        1.6932204257075725     
   1.0389999999999964        1.6970874211176059     
   1.0399999999999963        1.7009675268325215     
   1.0409999999999962        1.7048608173598603     
   1.0419999999999960        1.7087673677664292     
   1.0429999999999959        1.7126872536835727     
   1.0439999999999958        1.7166205513125028     
   1.0449999999999957        1.7205673374296913     
   1.0459999999999956        1.7245276893923212     
   1.0469999999999955        1.7285016851438020     
   1.0479999999999954        1.7324894032193470     
   1.0489999999999953        1.7364909227516143     
   1.0499999999999952        1.7405063234764131     
   1.0509999999999950        1.7445356857384744     
   1.0519999999999949        1.7485790904972893     
   1.0529999999999948        1.7526366193330136     
   1.0539999999999947        1.7567083544524407     
   1.0549999999999946        1.7607943786950437     
   1.0559999999999945        1.7648947755390878     
   1.0569999999999944        1.7690096291078130     
   1.0579999999999943        1.7731390241756892     
   1.0589999999999942        1.7772830461747440     
   1.0599999999999941        1.7814417812009642     
   1.0609999999999939        1.7856153160207726     
   1.0619999999999938        1.7898037380775806     
   1.0629999999999937        1.7940071354984171     
   1.0639999999999936        1.7982255971006362     
   1.0649999999999935        1.8024592123987042     
   1.0659999999999934        1.8067080716110653     
   1.0669999999999933        1.8109722656670899     
   1.0679999999999932        1.8152518862141054     
   1.0689999999999931        1.8195470256245092     
   1.0699999999999930        1.8238577770029683     
   1.0709999999999928        1.8281842341937025     
   1.0719999999999927        1.8325264917878570     
   1.0729999999999926        1.8368846451309613     
   1.0739999999999925        1.8412587903304791     
   1.0749999999999924        1.8456490242634485     
   1.0759999999999923        1.8500554445842130     
   1.0769999999999922        1.8544781497322487     
   1.0779999999999921        1.8589172389400830     
   1.0789999999999920        1.8633728122413116     
   1.0799999999999919        1.8678449704787117     
   1.0809999999999917        1.8723338153124542     
   1.0819999999999916        1.8768394492284168     
   1.0829999999999915        1.8813619755465969     
   1.0839999999999914        1.8859014984296294     
   1.0849999999999913        1.8904581228914086     
   1.0859999999999912        1.8950319548058148     
   1.0869999999999911        1.8996231009155500     
   1.0879999999999910        1.9042316688410821     
   1.0889999999999909        1.9088577670896993     
   1.0899999999999908        1.9135015050646780     
   1.0909999999999906        1.9181629930745627     
   1.0919999999999905        1.9228423423425636     
   1.0929999999999904        1.9275396650160690     
   1.0939999999999903        1.9322550741762792     
   1.0949999999999902        1.9369886838479591     
   1.0959999999999901        1.9417406090093141     
   1.0969999999999900        1.9465109656019899     
   1.0979999999999899        1.9512998705411986     
   1.0989999999999898        1.9561074417259727     
   1.0999999999999897        1.9609337980495485     
   1.1009999999999895        1.9657790594098814     
   1.1019999999999894        1.9706433467202957     
   1.1029999999999893        1.9755267819202686     
   1.1039999999999892        1.9804294879863529     
   1.1049999999999891        1.9853515889432387     
   1.1059999999999890        1.9902932098749582     
   1.1069999999999889        1.9952544769362326     
   1.1079999999999888        2.0002355173639668     
   1.1089999999999887        2.0052364594888910     
   1.1099999999999886        2.0102574327473546     
   1.1109999999999884        2.0152985676932706     
   1.1119999999999883        2.0203599960102170     
   1.1129999999999882        2.0254418505236953     
   1.1139999999999881        2.0305442652135484     
   1.1149999999999880        2.0356673752265402     
   1.1159999999999879        2.0408113168891018     
   1.1169999999999878        2.0459762277202445     
   1.1179999999999877        2.0511622464446408     
   1.1189999999999876        2.0563695130058806     
   1.1199999999999875        2.0615981685799007     
   1.1209999999999873        2.0668483555885926     
   1.1219999999999872        2.0721202177135920     
   1.1229999999999871        2.0774138999102494     
   1.1239999999999870        2.0827295484217898     
   1.1249999999999869        2.0880673107936589     
   1.1259999999999868        2.0934273358880642     
   1.1269999999999867        2.0988097738987075     
   1.1279999999999866        2.1042147763657204     
   1.1289999999999865        2.1096424961907960     
   1.1299999999999863        2.1150930876525300     
   1.1309999999999862        2.1205667064219655     
   1.1319999999999861        2.1260635095783509     
   1.1329999999999860        2.1315836556251115     
   1.1339999999999859        2.1371273045060395     
   1.1349999999999858        2.1426946176217045     
   1.1359999999999857        2.1482857578460894     
   1.1369999999999856        2.1539008895434537     
   1.1379999999999855        2.1595401785854298     
   1.1389999999999854        2.1652037923683545     
   1.1399999999999852        2.1708918998308406     
   1.1409999999999851        2.1766046714715919     
   1.1419999999999850        2.1823422793674636     
   1.1429999999999849        2.1881048971917783     
   1.1439999999999848        2.1938927002328930     
   1.1449999999999847        2.1997058654130281     
   1.1459999999999846        2.2055445713073607     
   1.1469999999999845        2.2114089981633840     
   1.1479999999999844        2.2172993279205420     
   1.1489999999999843        2.2232157442301390     
   1.1499999999999841        2.2291584324755318     
   1.1509999999999840        2.2351275797926085     
   1.1519999999999839        2.2411233750905581     
   1.1529999999999838        2.2471460090729356     
   1.1539999999999837        2.2531956742590280     
   1.1549999999999836        2.2592725650055274     
   1.1559999999999835        2.2653768775285141     
   1.1569999999999834        2.2715088099257548     
   1.1579999999999833        2.2776685621993251     
   1.1589999999999832        2.2838563362785562     
   1.1599999999999830        2.2900723360433157     
   1.1609999999999829        2.2963167673476268     
   1.1619999999999828        2.3025898380436285     
   1.1629999999999827        2.3088917580058901     
   1.1639999999999826        2.3152227391560776     
   1.1649999999999825        2.3215829954879830     
   1.1659999999999824        2.3279727430929218     
   1.1669999999999823        2.3343922001855053     
   1.1679999999999822        2.3408415871297921     
   1.1689999999999821        2.3473211264658285     
   1.1699999999999819        2.3538310429365814     
   1.1709999999999818        2.3603715635152733     
   1.1719999999999817        2.3669429174331249     
   1.1729999999999816        2.3735453362075116     
   1.1739999999999815        2.3801790536705441     
   1.1749999999999814        2.3868443059980762     
   1.1759999999999813        2.3935413317391516     
   1.1769999999999812        2.4002703718458953     
   1.1779999999999811        2.4070316697038567     
   1.1789999999999810        2.4138254711628142     
   1.1799999999999808        2.4206520245680485     
   1.1809999999999807        2.4275115807920939     
   1.1819999999999806        2.4344043932669739     
   1.1829999999999805        2.4413307180169315     
   1.1839999999999804        2.4482908136916643     
   1.1849999999999803        2.4552849416000715     
   1.1859999999999802        2.4623133657445195     
   1.1869999999999801        2.4693763528556438     
   1.1879999999999800        2.4764741724276864     
   1.1889999999999799        2.4836070967543877     
   1.1899999999999797        2.4907754009654366     
   1.1909999999999796        2.4979793630634912     
   1.1919999999999795        2.5052192639617825     
   1.1929999999999794        2.5124953875223079     
   1.1939999999999793        2.5198080205946289     
   1.1949999999999792        2.5271574530552821     
   1.1959999999999791        2.5345439778478149     
   1.1969999999999790        2.5419678910234595     
   1.1979999999999789        2.5494294917824538     
   1.1989999999999787        2.5569290825160240     
   1.1999999999999786        2.5644669688490405     
   1.2009999999999785        2.5720434596833583     
   1.2019999999999784        2.5796588672418581     
   1.2029999999999783        2.5873135071131976     
   1.2039999999999782        2.5950076982972878     
   1.2049999999999781        2.6027417632515100     
   1.2059999999999780        2.6105160279376833     
   1.2069999999999779        2.6183308218698027     
   1.2079999999999778        2.6261864781625559     
   1.2089999999999776        2.6340833335806400     
   1.2099999999999775        2.6420217285888872     
   1.2109999999999774        2.6500020074032231     
   1.2119999999999773        2.6580245180424642     
   1.2129999999999772        2.6660896123809792     
   1.2139999999999771        2.6741976462022250     
   1.2149999999999770        2.6823489792531787     
   1.2159999999999769        2.6905439752996791     
   1.2169999999999768        2.6987830021827004     
   1.2179999999999767        2.7070664318755706     
   1.2189999999999765        2.7153946405421583     
   1.2199999999999764        2.7237680085960432     
   1.2209999999999763        2.7321869207606944     
   1.2219999999999762        2.7406517661306702     
   1.2229999999999761        2.7491629382338654     
   1.2239999999999760        2.7577208350948239     
   1.2249999999999759        2.7663258592991400     
   1.2259999999999758        2.7749784180589669     
   1.2269999999999757        2.7836789232796599     
   1.2279999999999756        2.7924277916275715     
   1.2289999999999754        2.8012254445990257     
   1.2299999999999753        2.8100723085904948     
   1.2309999999999752        2.8189688149700021     
   1.2319999999999751        2.8279154001497755     
   1.2329999999999750        2.8369125056601798     
   1.2339999999999749        2.8459605782249509     
   1.2349999999999748        2.8550600698377613     
   1.2359999999999747        2.8642114378401433     
   1.2369999999999746        2.8734151450007976     
   1.2379999999999745        2.8826716595963178     
   1.2389999999999743        2.8919814554933576     
   1.2399999999999742        2.9013450122322753     
   1.2409999999999741        2.9107628151122804     
   1.2419999999999740        2.9202353552781206     
   1.2429999999999739        2.9297631298083369     
   1.2439999999999738        2.9393466418051211     
   1.2449999999999737        2.9489864004858122     
   1.2459999999999736        2.9586829212760626     
   1.2469999999999735        2.9684367259047133     
   1.2479999999999734        2.9782483425004131     
   1.2489999999999732        2.9881183056900196     
   1.2499999999999731        2.9980471566988194     
   1.2509999999999730        3.0080354434526093     
   1.2519999999999729        3.0180837206816764     
   1.2529999999999728        3.0281925500267199     
   1.2539999999999727        3.0383625001467571     
   1.2549999999999726        3.0485941468290552     
   1.2559999999999725        3.0588880731011354     
   1.2569999999999724        3.0692448693448959     
   1.2579999999999723        3.0796651334128957     
   1.2589999999999721        3.0901494707468546     
   1.2599999999999720        3.1006984944984115     
   1.2609999999999719        3.1113128256521962     
   1.2619999999999718        3.1219930931512643     
   1.2629999999999717        3.1327399340249484     
   1.2639999999999716        3.1435539935191832     
   1.2649999999999715        3.1544359252293535     
   1.2659999999999714        3.1653863912357312     
   1.2669999999999713        3.1764060622415515     
   1.2679999999999712        3.1874956177137963     
   1.2689999999999710        3.1986557460267409     
   1.2699999999999709        3.2098871446083308     
   1.2709999999999708        3.2211905200894528     
   1.2719999999999707        3.2325665884561672     
   1.2729999999999706        3.2440160752049705     
   1.2739999999999705        3.2555397155011589     
   1.2749999999999704        3.2671382543403644     
   1.2759999999999703        3.2788124467133386     
   1.2769999999999702        3.2905630577740608     
   1.2779999999999700        3.3023908630112482     
   1.2789999999999699        3.3142966484233485     
   1.2799999999999698        3.3262812106970987     
   1.2809999999999697        3.3383453573897350     
   1.2819999999999696        3.3504899071149405     
   1.2829999999999695        3.3627156897326196     
   1.2839999999999694        3.3750235465425935     
   1.2849999999999693        3.3874143304823106     
   1.2859999999999692        3.3998889063286675     
   1.2869999999999691        3.4124481509040443     
   1.2879999999999689        3.4250929532866525     
   1.2889999999999688        3.4378242150253064     
   1.2899999999999687        3.4506428503587210     
   1.2909999999999686        3.4635497864394527     
   1.2919999999999685        3.4765459635625975     
   1.2929999999999684        3.4896323353993610     
   1.2939999999999683        3.5028098692356258     
   1.2949999999999682        3.5160795462156402     
   1.2959999999999681        3.5294423615909563     
   1.2969999999999680        3.5428993249747491     
   1.2979999999999678        3.5564514606016555     
   1.2989999999999677        3.5700998075932713     
   1.2999999999999676        3.5838454202294487     
   1.3009999999999675        3.5976893682255482     
   1.3019999999999674        3.6116327370157912     
   1.3029999999999673        3.6256766280428754     
   1.3039999999999672        3.6398221590540119     
   1.3049999999999671        3.6540704644035524     
   1.3059999999999670        3.6684226953623789     
   1.3069999999999669        3.6828800204342285     
   1.3079999999999667        3.6974436256791421     
   1.3089999999999666        3.7121147150442173     
   1.3099999999999665        3.7268945107018649     
   1.3109999999999664        3.7417842533957648     
   1.3119999999999663        3.7567852027947253     
   1.3129999999999662        3.7718986378546626     
   1.3139999999999661        3.7871258571889124     
   1.3149999999999660        3.8024681794471014     
   1.3159999999999659        3.8179269437028092     
   1.3169999999999658        3.8335035098502610     
   1.3179999999999656        3.8491992590102955     
   1.3189999999999655        3.8650155939458610     
   1.3199999999999654        3.8809539394873056     
   1.3209999999999653        3.8970157429677275     
   1.3219999999999652        3.9132024746686658     
   1.3229999999999651        3.9295156282764188     
   1.3239999999999650        3.9459567213492872     
   1.3249999999999649        3.9625272957960487     
   1.3259999999999648        3.9792289183659775     
   1.3269999999999647        3.9960631811507374     
   1.3279999999999645        4.0130317020984858     
   1.3289999999999644        4.0301361255405332     
   1.3299999999999643        4.0473781227309198     
   1.3309999999999642        4.0647593923992806     
   1.3319999999999641        4.0822816613173787     
   1.3329999999999640        4.0999466848797068     
   1.3339999999999639        4.1177562476985630     
   1.3349999999999638        4.1357121642140235     
   1.3359999999999637        4.1538162793192512     
   1.3369999999999636        4.1720704690015893     
   1.3379999999999634        4.1904766409999041     
   1.3389999999999633        4.2090367354786702     
   1.3399999999999632        4.2277527257192791     
   1.3409999999999631        4.2466266188291062     
   1.3419999999999630        4.2656604564688543     
   1.3429999999999629        4.2848563155987360     
   1.3439999999999628        4.3042163092440626     
   1.3449999999999627        4.3237425872808251     
   1.3459999999999626        4.3434373372418911     
   1.3469999999999624        4.3633027851444384     
   1.3479999999999623        4.3833411963392876     
   1.3489999999999622        4.4035548763828132     
   1.3499999999999621        4.4239461719321280     
   1.3509999999999620        4.4445174716642812     
   1.3519999999999619        4.4652712072202103     
   1.3529999999999618        4.4862098541742403     
   1.3539999999999617        4.5073359330299301     
   1.3549999999999616        4.5286520102431131     
   1.3559999999999615        4.5501606992729924     
   1.3569999999999613        4.5718646616622012     
   1.3579999999999612        4.5937666081467565     
   1.3589999999999611        4.6158692997968807     
   1.3599999999999610        4.6381755491896879     
   1.3609999999999609        4.6606882216147891     
   1.3619999999999608        4.6834102363138879     
   1.3629999999999607        4.7063445677554974     
   1.3639999999999606        4.7294942469459391     
   1.3649999999999605        4.7528623627778339     
   1.3659999999999604        4.7764520634173442     
   1.3669999999999602        4.8002665577314678     
   1.3679999999999601        4.8243091167567433     
   1.3689999999999600        4.8485830752107653     
   1.3699999999999599        4.8730918330479858     
   1.3709999999999598        4.8978388570613047     
   1.3719999999999597        4.9228276825310440     
   1.3729999999999596        4.9480619149229383     
   1.3739999999999595        4.9735452316368489     
   1.3749999999999594        4.9992813838079861     
   1.3759999999999593        5.0252741981624753     
   1.3769999999999591        5.0515275789291927     
   1.3779999999999590        5.0780455098098747     
   1.3789999999999589        5.1048320560095748     
   1.3799999999999588        5.1318913663296382     
   1.3809999999999587        5.1592276753254467     
   1.3819999999999586        5.1868453055312909     
   1.3829999999999585        5.2147486697548029     
   1.3839999999999584        5.2429422734435125     
   1.3849999999999583        5.2714307171261732     
   1.3859999999999582        5.3002186989316344     
   1.3869999999999580        5.3293110171881386     
   1.3879999999999579        5.3587125731060619     
   1.3889999999999578        5.3884283735472271     
   1.3899999999999577        5.4184635338840756     
   1.3909999999999576        5.4488232809521069     
   1.3919999999999575        5.4795129560991525     
   1.3929999999999574        5.5105380183352111     
   1.3939999999999573        5.5419040475867289     
   1.3949999999999572        5.5736167480593872     
   1.3959999999999571        5.6056819517136356     
   1.3969999999999569        5.6381056218574033     
   1.3979999999999568        5.6708938568606237     
   1.3989999999999567        5.7040528939964030     
   1.3999999999999566        5.7375891134139119     
   1.4009999999999565        5.7715090422482778     
   1.4019999999999564        5.8058193588730314     
   1.4029999999999563        5.8405268973008964     
   1.4039999999999562        5.8756386517389920     
   1.4049999999999561        5.9111617813048012     
   1.4059999999999560        5.9471036149095600     
   1.4069999999999558        5.9834716563160306     
   1.4079999999999557        6.0202735893779682     
   1.4089999999999556        6.0575172834689299     
   1.4099999999999555        6.0952107991084548     
   1.4109999999999554        6.1333623937940231     
   1.4119999999999553        6.1719805280476301     
   1.4129999999999552        6.2110738716862288     
   1.4139999999999551        6.2506513103257726     
   1.4149999999999550        6.2907219521290498     
   1.4159999999999549        6.3312951348080482     
   1.4169999999999547        6.3723804328920925     
   1.4179999999999546        6.4139876652735985     
   1.4189999999999545        6.4561269030438808     
   1.4199999999999544        6.4988084776320880     
   1.4209999999999543        6.5420429892610308     
   1.4219999999999542        6.5858413157343705     
   1.4229999999999541        6.6302146215704045     
   1.4239999999999540        6.6751743674984905     
   1.4249999999999539        6.7207323203349993     
   1.4259999999999537        6.7669005632565948     
   1.4269999999999536        6.8136915064895973     
   1.4279999999999535        6.8611178984352055     
   1.4289999999999534        6.9091928372514335     
   1.4299999999999533        6.9579297829137596     
   1.4309999999999532        7.0073425697777179     
   1.4319999999999531        7.0574454196679373     
   1.4329999999999530        7.1082529555195295     
   1.4339999999999529        7.1597802155991817     
   1.4349999999999528        7.2120426683348668     
   1.4359999999999526        7.2650562277847497     
   1.4369999999999525        7.3188372697776236     
   1.4379999999999524        7.3734026487591100     
   1.4389999999999523        7.4287697153798380     
   1.4399999999999522        7.4849563348639823     
   1.4409999999999521        7.5419809061988028     
   1.4419999999999520        7.5998623821882703     
   1.4429999999999519        7.6586202904164704     
   1.4439999999999518        7.7182747551692490     
   1.4449999999999517        7.7788465203655317     
   1.4459999999999515        7.8403569735529350     
   1.4469999999999514        7.9028281710256749     
   1.4479999999999513        7.9662828641264323     
   1.4489999999999512        8.0307445267977062     
   1.4499999999999511        8.0962373844523974     
   1.4509999999999510        8.1627864442378026     
   1.4519999999999509        8.2304175267720350     
   1.4529999999999508        8.2991572994370308     
   1.4539999999999507        8.3690333113178301     
   1.4549999999999506        8.4400740298837782     
   1.4559999999999504        8.5123088795136965     
   1.4569999999999503        8.5857682819739445     
   1.4579999999999502        8.6604836989656935     
   1.4589999999999501        8.7364876768657442     
   1.4599999999999500        8.8138138937937711     
   1.4609999999999499        8.8924972091482033     
   1.4619999999999498        8.9725737157629126     
   1.4629999999999497        9.0540807948477120     
   1.4639999999999496        9.1370571738873423     
   1.4649999999999495        9.2215429876862292     
   1.4659999999999493        9.3075798427599743     
   1.4669999999999492        9.3952108852893268     
   1.4679999999999491        9.4844808728683851     
   1.4689999999999490        9.5754362502961907     
   1.4699999999999489        9.6681252296796778     
   1.4709999999999488        9.7625978751364464     
   1.4719999999999487        9.8589061924080656     
   1.4729999999999486        9.9571042237187672     
   1.4739999999999485        10.057248148240765     
   1.4749999999999484        10.159396388556058     
   1.4759999999999482        10.263609723535863     
   1.4769999999999481        10.369951408092923     
   1.4779999999999480        10.478487300299133     
   1.4789999999999479        10.589285996401662     
   1.4799999999999478        10.702418974315250     
   1.4809999999999477        10.817960746217034     
   1.4819999999999476        10.935989020923726     
   1.4829999999999475        11.056584876789490     
   1.4839999999999474        11.179832945927140     
   1.4849999999999473        11.305821610625978     
   1.4859999999999471        11.434643212917276     
   1.4869999999999470        11.566394278323992     
   1.4879999999999469        11.701175754925638     
   1.4889999999999468        11.839093268973297     
   1.4899999999999467        11.980257398404746     
   1.4909999999999466        12.124783965736777     
   1.4919999999999465        12.272794351952564     
   1.4929999999999464        12.424415833157884     
   1.4939999999999463        12.579781941953108     
   1.4949999999999461        12.739032855660197     
   1.4959999999999460        12.902315813757786     
   1.4969999999999459        13.069785567115730     
   1.4979999999999458        13.241604861886117     
   1.4989999999999457        13.417944961204443     
   1.4999999999999456        13.598986208186354     
   1.5009999999999455        13.784918634076796     
   1.5019999999999454        13.975942615824913     
   1.5029999999999453        14.172269587825744     
   1.5039999999999452        14.374122813095754     
   1.5049999999999450        14.581738219741714     
   1.5059999999999449        14.795365309250791     
   1.5069999999999448        15.015268143884972     
   1.5079999999999447        15.241726421317740     
   1.5089999999999446        15.475036645620035     
   1.5099999999999445        15.715513404803318     
   1.5109999999999444        15.963490766379870     
   1.5119999999999443        16.219323803828164     
   1.5129999999999442        16.483390268481592     
   1.5139999999999441        16.756092423224665     
   1.5149999999999439        17.037859056520311     
   1.5159999999999438        17.329147697750162     
   1.5169999999999437        17.630447057680602     
   1.5179999999999436        17.942279721134280     
   1.5189999999999435        18.265205122725707     
   1.5199999999999434        18.599822840900952     
   1.5209999999999433        18.946776250613851     
   1.5219999999999432        19.306756580904676     
   1.5229999999999431        19.680507430578981     
   1.5239999999999430        20.068829803304055     
   1.5249999999999428        20.472587732978042     
   1.5259999999999427        20.892714581462524     
   1.5269999999999426        21.330220104044979     
   1.5279999999999425        21.786198393731983     
   1.5289999999999424        22.261836834183033     
   1.5299999999999423        22.758426213414822     
   1.5309999999999422        23.277372177126267     
   1.5319999999999421        23.820208232598720     
   1.5329999999999420        24.388610552843083     
   1.5339999999999419        24.984414877541333     
   1.5349999999999417        25.609635864314441     
   1.5359999999999416        26.266489313417221     
   1.5369999999999415        26.957417774269082     
   1.5379999999999414        27.685120147325559     
   1.5389999999999413        28.452586024897411     
   1.5399999999999412        29.263135676401596     
   1.5409999999999411        30.120466786017083     
   1.5419999999999410        31.028709305424641     
   1.5429999999999409        31.992490106585187     
   1.5439999999999408        33.017009529805136     
   1.5449999999999406        34.108132448096377     
   1.5459999999999405        35.272497147193263     
   1.5469999999999404        36.517646202192019     
   1.5479999999999403        37.852184686340486     
   1.5489999999999402        39.285972571869316     
   1.5499999999999401        40.830360212786985     
