   0.0000000000000000        0.0000000000000000     
   1.0000000000000000E-003   1.9294095083570199E-003
   2.0000000000000000E-003   3.8669900100064096E-003
   3.0000000000000001E-003   5.8120509275130369E-003
   4.0000000000000001E-003   7.7639219520821822E-003
   5.0000000000000001E-003   9.7219583731501732E-003
   6.0000000000000001E-003   1.1685545559395126E-002
   7.0000000000000001E-003   1.3654102548847092E-002
   8.0000000000000002E-003   1.5627084740290519E-002
   9.0000000000000011E-003   1.7603985708983892E-002
   1.0000000000000002E-002   1.9584338195837069E-002
   1.1000000000000003E-002   2.1567714339966411E-002
   1.2000000000000004E-002   2.3553725239760299E-002
   1.3000000000000005E-002   2.5542019937342127E-002
   1.4000000000000005E-002   2.7532283925998900E-002
   1.5000000000000006E-002   2.9524237280341696E-002
   1.6000000000000007E-002   3.1517632505402252E-002
   1.7000000000000008E-002   3.3512252194338052E-002
   1.8000000000000009E-002   3.5507906575714294E-002
   1.9000000000000010E-002   3.7504431021214861E-002
   2.0000000000000011E-002   3.9501683573790351E-002
   2.1000000000000012E-002   4.1499542545268810E-002
   2.2000000000000013E-002   4.3497904221810990E-002
   2.3000000000000013E-002   4.5496680705654401E-002
   2.4000000000000014E-002   4.7495797912615510E-002
   2.5000000000000015E-002   4.9495193736967501E-002
   2.6000000000000016E-002   5.1494816388656224E-002
   2.7000000000000017E-002   5.3494622902363079E-002
   2.8000000000000018E-002   5.5494577813621618E-002
   2.9000000000000019E-002   5.7494651993955259E-002
   3.0000000000000020E-002   5.9494821634711224E-002
   3.1000000000000021E-002   6.1495067367792991E-002
   3.2000000000000021E-002   6.3495373510705388E-002
   3.3000000000000022E-002   6.5495727423094230E-002
   3.4000000000000023E-002   6.7496118962162635E-002
   3.5000000000000024E-002   6.9496540024870240E-002
   3.6000000000000025E-002   7.1496984165572888E-002
   3.7000000000000026E-002   7.3497446278657369E-002
   3.8000000000000027E-002   7.5497922336703535E-002
   3.9000000000000028E-002   7.7498409175710450E-002
   4.0000000000000029E-002   7.9498904319914479E-002
   4.1000000000000029E-002   8.1499405839676908E-002
   4.2000000000000030E-002   8.3499912236805335E-002
   4.3000000000000031E-002   8.5500422352486158E-002
   4.4000000000000032E-002   8.7500935293737106E-002
   4.5000000000000033E-002   8.9501450374938285E-002
   4.6000000000000034E-002   9.1501967071568990E-002
   4.7000000000000035E-002   9.3502484983769951E-002
   4.8000000000000036E-002   9.5503003807772532E-002
   4.9000000000000037E-002   9.7503523313594048E-002
   5.0000000000000037E-002   9.9504043327698966E-002
   5.1000000000000038E-002  0.10150456371957640     
   5.2000000000000039E-002  0.10350508439139157     
   5.3000000000000040E-002  0.10550560527003865     
   5.4000000000000041E-002  0.10750612630106197     
   5.5000000000000042E-002  0.10950664744402354     
   5.6000000000000043E-002  0.11150716866898595     
   5.7000000000000044E-002  0.11350768995385223     
   5.8000000000000045E-002  0.11550821128236047     
   5.9000000000000045E-002  0.11750873264257776     
   6.0000000000000046E-002  0.11950925402577284     
   6.1000000000000047E-002  0.12150977542557508     
   6.2000000000000048E-002  0.12351029683734914     
   6.3000000000000042E-002  0.12551081825773155     
   6.4000000000000043E-002  0.12751133968428813     
   6.5000000000000044E-002  0.12951186111526219     
   6.6000000000000045E-002  0.13151238254938902     
   6.7000000000000046E-002  0.13351290398576060     
   6.8000000000000047E-002  0.13551342542372660     
   6.9000000000000047E-002  0.13751394686282251     
   7.0000000000000048E-002  0.13951446830271721     
   7.1000000000000049E-002  0.14151498974317542     
   7.2000000000000050E-002  0.14351551118403019     
   7.3000000000000051E-002  0.14551603262516344     
   7.4000000000000052E-002  0.14751655406649181     
   7.5000000000000053E-002  0.14951707550795656     
   7.6000000000000054E-002  0.15151759694951650     
   7.7000000000000055E-002  0.15351811839114266     
   7.8000000000000055E-002  0.15551863983281486     
   7.9000000000000056E-002  0.15751916127451895     
   8.0000000000000057E-002  0.15951968271624506     
   8.1000000000000058E-002  0.16152020415798649     
   8.2000000000000059E-002  0.16352072559973840     
   8.3000000000000060E-002  0.16552124704149757     
   8.4000000000000061E-002  0.16752176848326167     
   8.5000000000000062E-002  0.16952228992502918     
   8.6000000000000063E-002  0.17152281136679901     
   8.7000000000000063E-002  0.17352333280857044     
   8.8000000000000064E-002  0.17552385425034292     
   8.9000000000000065E-002  0.17752437569211610     
   9.0000000000000066E-002  0.17952489713388978     
   9.1000000000000067E-002  0.18152541857566382     
   9.2000000000000068E-002  0.18352594001743811     
   9.3000000000000069E-002  0.18552646145921256     
   9.4000000000000070E-002  0.18752698290098713     
   9.5000000000000070E-002  0.18952750434276175     
   9.6000000000000071E-002  0.19152802578453643     
   9.7000000000000072E-002  0.19352854722631116     
   9.8000000000000073E-002  0.19552906866808589     
   9.9000000000000074E-002  0.19752959010986063     
  0.10000000000000007       0.19953011155163533     
  0.10100000000000008       0.20153063299341004     
  0.10200000000000008       0.20353115443518480     
  0.10300000000000008       0.20553167587695956     
  0.10400000000000008       0.20753219731873429     
  0.10500000000000008       0.20953271876050905     
  0.10600000000000008       0.21153324020228384     
  0.10700000000000008       0.21353376164405860     
  0.10800000000000008       0.21553428308583336     
  0.10900000000000008       0.21753480452760809     
  0.11000000000000008       0.21953532596938286     
  0.11100000000000008       0.22153584741115759     
  0.11200000000000009       0.22353636885293235     
  0.11300000000000009       0.22553689029470711     
  0.11400000000000009       0.22753741173648184     
  0.11500000000000009       0.22953793317825660     
  0.11600000000000009       0.23153845462003136     
  0.11700000000000009       0.23353897606180615     
  0.11800000000000009       0.23553949750358094     
  0.11900000000000009       0.23754001894535573     
  0.12000000000000009       0.23954054038713049     
  0.12100000000000009       0.24154106182890525     
  0.12200000000000009       0.24354158327067996     
  0.12300000000000010       0.24554210471245469     
  0.12400000000000010       0.24754262615422937     
  0.12500000000000008       0.24954314759600413     
  0.12600000000000008       0.25154366903777892     
  0.12700000000000009       0.25354419047955357     
  0.12800000000000009       0.25554471192132833     
  0.12900000000000009       0.25754523336310309     
  0.13000000000000009       0.25954575480487785     
  0.13100000000000009       0.26154627624665261     
  0.13200000000000009       0.26354679768842743     
  0.13300000000000009       0.26554731913020224     
  0.13400000000000009       0.26754784057197711     
  0.13500000000000009       0.26954836201375182     
  0.13600000000000009       0.27154888345552664     
  0.13700000000000009       0.27354940489730134     
  0.13800000000000009       0.27554992633907605     
  0.13900000000000010       0.27755044778085086     
  0.14000000000000010       0.27955096922262568     
  0.14100000000000010       0.28155149066440055     
  0.14200000000000010       0.28355201210617531     
  0.14300000000000010       0.28555253354795007     
  0.14400000000000010       0.28755305498972489     
  0.14500000000000010       0.28955357643149970     
  0.14600000000000010       0.29155409787327452     
  0.14700000000000010       0.29355461931504934     
  0.14800000000000010       0.29555514075682404     
  0.14900000000000010       0.29755566219859869     
  0.15000000000000011       0.29955618364037345     
  0.15100000000000011       0.30155670508214816     
  0.15200000000000011       0.30355722652392297     
  0.15300000000000011       0.30555774796569768     
  0.15400000000000011       0.30755826940747255     
  0.15500000000000011       0.30955879084924731     
  0.15600000000000011       0.31155931229102207     
  0.15700000000000011       0.31355983373279683     
  0.15800000000000011       0.31556035517457159     
  0.15900000000000011       0.31756087661634624     
  0.16000000000000011       0.31956139805812095     
  0.16100000000000012       0.32156191949989571     
  0.16200000000000012       0.32356244094167047     
  0.16300000000000012       0.32556296238344523     
  0.16400000000000012       0.32756348382522005     
  0.16500000000000012       0.32956400526699486     
  0.16600000000000012       0.33156452670876957     
  0.16700000000000012       0.33356504815054433     
  0.16800000000000012       0.33556556959231904     
  0.16900000000000012       0.33756609103409374     
  0.17000000000000012       0.33956661247586850     
  0.17100000000000012       0.34156713391764321     
  0.17200000000000013       0.34356765535941802     
  0.17300000000000013       0.34556817680119273     
  0.17400000000000013       0.34756869824296754     
  0.17500000000000013       0.34956921968474225     
  0.17600000000000013       0.35156974112651707     
  0.17700000000000013       0.35357026256829188     
  0.17800000000000013       0.35557078401006664     
  0.17900000000000013       0.35757130545184140     
  0.18000000000000013       0.35957182689361616     
  0.18100000000000013       0.36157234833539093     
  0.18200000000000013       0.36357286977716574     
  0.18300000000000013       0.36557339121894050     
  0.18400000000000014       0.36757391266071526     
  0.18500000000000014       0.36957443410249008     
  0.18600000000000014       0.37157495554426484     
  0.18700000000000014       0.37357547698603966     
  0.18800000000000014       0.37557599842781436     
  0.18900000000000014       0.37757651986958918     
  0.19000000000000014       0.37957704131136388     
  0.19100000000000014       0.38157756275313848     
  0.19200000000000014       0.38357808419491324     
  0.19300000000000014       0.38557860563668800     
  0.19400000000000014       0.38757912707846282     
  0.19500000000000015       0.38957964852023752     
  0.19600000000000015       0.39158016996201234     
  0.19700000000000015       0.39358069140378715     
  0.19800000000000015       0.39558121284556197     
  0.19900000000000015       0.39758173428733679     
  0.20000000000000015       0.39958225572911155     
  0.20100000000000015       0.40158277717088625     
  0.20200000000000015       0.40358329861266101     
  0.20300000000000015       0.40558382005443577     
  0.20400000000000015       0.40758434149621053     
  0.20500000000000015       0.40958486293798524     
  0.20600000000000016       0.41158538437975994     
  0.20700000000000016       0.41358590582153471     
  0.20800000000000016       0.41558642726330941     
  0.20900000000000016       0.41758694870508423     
  0.21000000000000016       0.41958747014685893     
  0.21100000000000016       0.42158799158863364     
  0.21200000000000016       0.42358851303040845     
  0.21300000000000016       0.42558903447218316     
  0.21400000000000016       0.42758955591395797     
  0.21500000000000016       0.42959007735573279     
  0.21600000000000016       0.43159059879750755     
  0.21700000000000016       0.43359112023928231     
  0.21800000000000017       0.43559164168105707     
  0.21900000000000017       0.43759216312283183     
  0.22000000000000017       0.43959268456460654     
  0.22100000000000017       0.44159320600638119     
  0.22200000000000017       0.44359372744815595     
  0.22300000000000017       0.44559424888993071     
  0.22400000000000017       0.44759477033170547     
  0.22500000000000017       0.44959529177348034     
  0.22600000000000017       0.45159581321525510     
  0.22700000000000017       0.45359633465702998     
  0.22800000000000017       0.45559685609880474     
  0.22900000000000018       0.45759737754057955     
  0.23000000000000018       0.45959789898235431     
  0.23100000000000018       0.46159842042412907     
  0.23200000000000018       0.46359894186590372     
  0.23300000000000018       0.46559946330767843     
  0.23400000000000018       0.46759998474945325     
  0.23500000000000018       0.46960050619122795     
  0.23600000000000018       0.47160102763300271     
  0.23700000000000018       0.47360154907477753     
  0.23800000000000018       0.47560207051655234     
  0.23900000000000018       0.47760259195832711     
  0.24000000000000019       0.47960311340010187     
  0.24100000000000019       0.48160363484187663     
  0.24200000000000019       0.48360415628365139     
  0.24300000000000019       0.48560467772542604     
  0.24400000000000019       0.48760519916720074     
  0.24500000000000019       0.48960572060897550     
  0.24600000000000019       0.49160624205075021     
  0.24700000000000019       0.49360676349252502     
  0.24800000000000019       0.49560728493429973     
  0.24900000000000019       0.49760780637607455     
  0.25000000000000017       0.49960832781784925     
  0.25100000000000017       0.50160884925962401     
  0.25200000000000017       0.50360937070139877     
  0.25300000000000017       0.50560989214317353     
  0.25400000000000017       0.50761041358494818     
  0.25500000000000017       0.50961093502672306     
  0.25600000000000017       0.51161145646849793     
  0.25700000000000017       0.51361197791027280     
  0.25800000000000017       0.51561249935204734     
  0.25900000000000017       0.51761302079382221     
  0.26000000000000018       0.51961354223559708     
  0.26100000000000018       0.52161406367737184     
  0.26200000000000018       0.52361458511914649     
  0.26300000000000018       0.52561510656092114     
  0.26400000000000018       0.52761562800269590     
  0.26500000000000018       0.52961614944447077     
  0.26600000000000018       0.53161667088624553     
  0.26700000000000018       0.53361719232802030     
  0.26800000000000018       0.53561771376979506     
  0.26900000000000018       0.53761823521156971     
  0.27000000000000018       0.53961875665334458     
  0.27100000000000019       0.54161927809511934     
  0.27200000000000019       0.54361979953689410     
  0.27300000000000019       0.54562032097866886     
  0.27400000000000019       0.54762084242044351     
  0.27500000000000019       0.54962136386221838     
  0.27600000000000019       0.55162188530399292     
  0.27700000000000019       0.55362240674576768     
  0.27800000000000019       0.55562292818754255     
  0.27900000000000019       0.55762344962931731     
  0.28000000000000019       0.55962397107109207     
  0.28100000000000019       0.56162449251286706     
  0.28200000000000019       0.56362501395464193     
  0.28300000000000020       0.56562553539641658     
  0.28400000000000020       0.56762605683819112     
  0.28500000000000020       0.56962657827996599     
  0.28600000000000020       0.57162709972174086     
  0.28700000000000020       0.57362762116351551     
  0.28800000000000020       0.57562814260529038     
  0.28900000000000020       0.57762866404706525     
  0.29000000000000020       0.57962918548884002     
  0.29100000000000020       0.58162970693061489     
  0.29200000000000020       0.58363022837238976     
  0.29300000000000020       0.58563074981416463     
  0.29400000000000021       0.58763127125593939     
  0.29500000000000021       0.58963179269771393     
  0.29600000000000021       0.59163231413948880     
  0.29700000000000021       0.59363283558126356     
  0.29800000000000021       0.59563335702303832     
  0.29900000000000021       0.59763387846481308     
  0.30000000000000021       0.59963439990658784     
  0.30100000000000021       0.60163492134836272     
  0.30200000000000021       0.60363544279013737     
  0.30300000000000021       0.60563596423191224     
  0.30400000000000021       0.60763648567368711     
  0.30500000000000022       0.60963700711546176     
  0.30600000000000022       0.61163752855723641     
  0.30700000000000022       0.61363804999901128     
  0.30800000000000022       0.61563857144078593     
  0.30900000000000022       0.61763909288256058     
  0.31000000000000022       0.61963961432433534     
  0.31100000000000022       0.62164013576611021     
  0.31200000000000022       0.62364065720788509     
  0.31300000000000022       0.62564117864965985     
  0.31400000000000022       0.62764170009143472     
  0.31500000000000022       0.62964222153320948     
  0.31600000000000023       0.63164274297498424     
  0.31700000000000023       0.63364326441675900     
  0.31800000000000023       0.63564378585853365     
  0.31900000000000023       0.63764430730030830     
  0.32000000000000023       0.63964482874208295     
  0.32100000000000023       0.64164535018385782     
  0.32200000000000023       0.64364587162563258     
  0.32300000000000023       0.64564639306740712     
  0.32400000000000023       0.64764691450918166     
  0.32500000000000023       0.64964743595095631     
  0.32600000000000023       0.65164795739273107     
  0.32700000000000023       0.65364847883450561     
  0.32800000000000024       0.65564900027628048     
  0.32900000000000024       0.65764952171805513     
  0.33000000000000024       0.65965004315983000     
  0.33100000000000024       0.66165056460160465     
  0.33200000000000024       0.66365108604337952     
  0.33300000000000024       0.66565160748515440     
  0.33400000000000024       0.66765212892692904     
  0.33500000000000024       0.66965265036870369     
  0.33600000000000024       0.67165317181047846     
  0.33700000000000024       0.67365369325225322     
  0.33800000000000024       0.67565421469402798     
  0.33900000000000025       0.67765473613580285     
  0.34000000000000025       0.67965525757757772     
  0.34100000000000025       0.68165577901935270     
  0.34200000000000025       0.68365630046112746     
  0.34300000000000025       0.68565682190290222     
  0.34400000000000025       0.68765734334467699     
  0.34500000000000025       0.68965786478645175     
  0.34600000000000025       0.69165838622822651     
  0.34700000000000025       0.69365890767000138     
  0.34800000000000025       0.69565942911177603     
  0.34900000000000025       0.69765995055355057     
  0.35000000000000026       0.69966047199532522     
  0.35100000000000026       0.70166099343710020     
  0.35200000000000026       0.70366151487887485     
  0.35300000000000026       0.70566203632064961     
  0.35400000000000026       0.70766255776242437     
  0.35500000000000026       0.70966307920419913     
  0.35600000000000026       0.71166360064597400     
  0.35700000000000026       0.71366412208774865     
  0.35800000000000026       0.71566464352952353     
  0.35900000000000026       0.71766516497129818     
  0.36000000000000026       0.71966568641307282     
  0.36100000000000027       0.72166620785484770     
  0.36200000000000027       0.72366672929662257     
  0.36300000000000027       0.72566725073839744     
  0.36400000000000027       0.72766777218017220     
  0.36500000000000027       0.72966829362194696     
  0.36600000000000027       0.73166881506372183     
  0.36700000000000027       0.73366933650549671     
  0.36800000000000027       0.73566985794727124     
  0.36900000000000027       0.73767037938904612     
  0.37000000000000027       0.73967090083082077     
  0.37100000000000027       0.74167142227259564     
  0.37200000000000027       0.74367194371437040     
  0.37300000000000028       0.74567246515614516     
  0.37400000000000028       0.74767298659792003     
  0.37500000000000028       0.74967350803969479     
  0.37600000000000028       0.75167402948146966     
  0.37700000000000028       0.75367455092324442     
  0.37800000000000028       0.75567507236501930     
  0.37900000000000028       0.75767559380679383     
  0.38000000000000028       0.75967611524856860     
  0.38100000000000028       0.76167663669034325     
  0.38200000000000028       0.76367715813211801     
  0.38300000000000028       0.76567767957389288     
  0.38400000000000029       0.76767820101566753     
  0.38500000000000029       0.76967872245744229     
  0.38600000000000029       0.77167924389921705     
  0.38700000000000029       0.77367976534099192     
  0.38800000000000029       0.77568028678276679     
  0.38900000000000029       0.77768080822454144     
  0.39000000000000029       0.77968132966631609     
  0.39100000000000029       0.78168185110809096     
  0.39200000000000029       0.78368237254986584     
  0.39300000000000029       0.78568289399164049     
  0.39400000000000029       0.78768341543341525     
  0.39500000000000030       0.78968393687519012     
  0.39600000000000030       0.79168445831696510     
  0.39700000000000030       0.79368497975873986     
  0.39800000000000030       0.79568550120051462     
  0.39900000000000030       0.79768602264228938     
  0.40000000000000030       0.79968654408406414     
  0.40100000000000030       0.80168706552583890     
  0.40200000000000030       0.80368758696761355     
  0.40300000000000030       0.80568810840938843     
  0.40400000000000030       0.80768862985116308     
  0.40500000000000030       0.80968915129293784     
  0.40600000000000031       0.81168967273471271     
  0.40700000000000031       0.81369019417648747     
  0.40800000000000031       0.81569071561826223     
  0.40900000000000031       0.81769123706003710     
  0.41000000000000031       0.81969175850181197     
  0.41100000000000031       0.82169227994358673     
  0.41200000000000031       0.82369280138536138     
  0.41300000000000031       0.82569332282713603     
  0.41400000000000031       0.82769384426891068     
  0.41500000000000031       0.82969436571068533     
  0.41600000000000031       0.83169488715246009     
  0.41700000000000031       0.83369540859423474     
  0.41800000000000032       0.83569593003600939     
  0.41900000000000032       0.83769645147778393     
  0.42000000000000032       0.83969697291955858     
  0.42100000000000032       0.84169749436133334     
  0.42200000000000032       0.84369801580310810     
  0.42300000000000032       0.84569853724488275     
  0.42400000000000032       0.84769905868665762     
  0.42500000000000032       0.84969958012843227     
  0.42600000000000032       0.85170010157020715     
  0.42700000000000032       0.85370062301198202     
  0.42800000000000032       0.85570114445375678     
  0.42900000000000033       0.85770166589553154     
  0.43000000000000033       0.85970218733730608     
  0.43100000000000033       0.86170270877908095     
  0.43200000000000033       0.86370323022085571     
  0.43300000000000033       0.86570375166263047     
  0.43400000000000033       0.86770427310440523     
  0.43500000000000033       0.86970479454618022     
  0.43600000000000033       0.87170531598795509     
  0.43700000000000033       0.87370583742972985     
  0.43800000000000033       0.87570635887150461     
  0.43900000000000033       0.87770688031327948     
  0.44000000000000034       0.87970740175505435     
  0.44100000000000034       0.88170792319682900     
  0.44200000000000034       0.88370844463860365     
  0.44300000000000034       0.88570896608037830     
  0.44400000000000034       0.88770948752215306     
  0.44500000000000034       0.88971000896392771     
  0.44600000000000034       0.89171053040570247     
  0.44700000000000034       0.89371105184747734     
  0.44800000000000034       0.89571157328925211     
  0.44900000000000034       0.89771209473102687     
  0.45000000000000034       0.89971261617280163     
  0.45100000000000035       0.90171313761457639     
  0.45200000000000035       0.90371365905635093     
  0.45300000000000035       0.90571418049812558     
  0.45400000000000035       0.90771470193990023     
  0.45500000000000035       0.90971522338167488     
  0.45600000000000035       0.91171574482344975     
  0.45700000000000035       0.91371626626522462     
  0.45800000000000035       0.91571678770699949     
  0.45900000000000035       0.91771730914877425     
  0.46000000000000035       0.91971783059054912     
  0.46100000000000035       0.92171835203232411     
  0.46200000000000035       0.92371887347409887     
  0.46300000000000036       0.92571939491587352     
  0.46400000000000036       0.92771991635764817     
  0.46500000000000036       0.92972043779942293     
  0.46600000000000036       0.93172095924119769     
  0.46700000000000036       0.93372148068297245     
  0.46800000000000036       0.93572200212474721     
  0.46900000000000036       0.93772252356652208     
  0.47000000000000036       0.93972304500829684     
  0.47100000000000036       0.94172356645007171     
  0.47200000000000036       0.94372408789184647     
  0.47300000000000036       0.94572460933362135     
  0.47400000000000037       0.94772513077539611     
  0.47500000000000037       0.94972565221717076     
  0.47600000000000037       0.95172617365894563     
  0.47700000000000037       0.95372669510072028     
  0.47800000000000037       0.95572721654249515     
  0.47900000000000037       0.95772773798426991     
  0.48000000000000037       0.95972825942604467     
  0.48100000000000037       0.96172878086781954     
  0.48200000000000037       0.96372930230959430     
  0.48300000000000037       0.96572982375136907     
  0.48400000000000037       0.96773034519314383     
  0.48500000000000038       0.96973086663491848     
  0.48600000000000038       0.97173138807669335     
  0.48700000000000038       0.97373190951846811     
  0.48800000000000038       0.97573243096024287     
  0.48900000000000038       0.97773295240201752     
  0.49000000000000038       0.97973347384379217     
  0.49100000000000038       0.98173399528556693     
  0.49200000000000038       0.98373451672734169     
  0.49300000000000038       0.98573503816911634     
  0.49400000000000038       0.98773555961089099     
  0.49500000000000038       0.98973608105266553     
  0.49600000000000039       0.99173660249444007     
  0.49700000000000039       0.99373712393621472     
  0.49800000000000039       0.99573764537798914     
  0.49900000000000039       0.99773816681976357     
  0.50000000000000033       0.99973868826153811     
  0.50100000000000033        1.0017392097033129     
  0.50200000000000033        1.0037397311450875     
  0.50300000000000034        1.0057402525868626     
  0.50400000000000034        1.0077407740286375     
  0.50500000000000034        1.0097412954704124     
  0.50600000000000034        1.0117418169121870     
  0.50700000000000034        1.0137423383539619     
  0.50800000000000034        1.0157428597957365     
  0.50900000000000034        1.0177433812375114     
  0.51000000000000034        1.0197439026792863     
  0.51100000000000034        1.0217444241210614     
  0.51200000000000034        1.0237449455628365     
  0.51300000000000034        1.0257454670046116     
  0.51400000000000035        1.0277459884463869     
  0.51500000000000035        1.0297465098881617     
  0.51600000000000035        1.0317470313299364     
  0.51700000000000035        1.0337475527717108     
  0.51800000000000035        1.0357480742134857     
  0.51900000000000035        1.0377485956552606     
  0.52000000000000035        1.0397491170970354     
  0.52100000000000035        1.0417496385388103     
  0.52200000000000035        1.0437501599805850     
  0.52300000000000035        1.0457506814223596     
  0.52400000000000035        1.0477512028641340     
  0.52500000000000036        1.0497517243059089     
  0.52600000000000036        1.0517522457476838     
  0.52700000000000036        1.0537527671894584     
  0.52800000000000036        1.0557532886312331     
  0.52900000000000036        1.0577538100730077     
  0.53000000000000036        1.0597543315147822     
  0.53100000000000036        1.0617548529565568     
  0.53200000000000036        1.0637553743983319     
  0.53300000000000036        1.0657558958401070     
  0.53400000000000036        1.0677564172818819     
  0.53500000000000036        1.0697569387236570     
  0.53600000000000037        1.0717574601654318     
  0.53700000000000037        1.0737579816072065     
  0.53800000000000037        1.0757585030489807     
  0.53900000000000037        1.0777590244907553     
  0.54000000000000037        1.0797595459325300     
  0.54100000000000037        1.0817600673743049     
  0.54200000000000037        1.0837605888160797     
  0.54300000000000037        1.0857611102578544     
  0.54400000000000037        1.0877616316996293     
  0.54500000000000037        1.0897621531414037     
  0.54600000000000037        1.0917626745831783     
  0.54700000000000037        1.0937631960249532     
  0.54800000000000038        1.0957637174667281     
  0.54900000000000038        1.0977642389085027     
  0.55000000000000038        1.0997647603502774     
  0.55100000000000038        1.1017652817920518     
  0.55200000000000038        1.1037658032338260     
  0.55300000000000038        1.1057663246756004     
  0.55400000000000038        1.1077668461173755     
  0.55500000000000038        1.1097673675591504     
  0.55600000000000038        1.1117678890009253     
  0.55700000000000038        1.1137684104427001     
  0.55800000000000038        1.1157689318844750     
  0.55900000000000039        1.1177694533262497     
  0.56000000000000039        1.1197699747680241     
  0.56100000000000039        1.1217704962097990     
  0.56200000000000039        1.1237710176515741     
  0.56300000000000039        1.1257715390933489     
  0.56400000000000039        1.1277720605351242     
  0.56500000000000039        1.1297725819768993     
  0.56600000000000039        1.1317731034186740     
  0.56700000000000039        1.1337736248604484     
  0.56800000000000039        1.1357741463022231     
  0.56900000000000039        1.1377746677439979     
  0.57000000000000040        1.1397751891857728     
  0.57100000000000040        1.1417757106275477     
  0.57200000000000040        1.1437762320693226     
  0.57300000000000040        1.1457767535110974     
  0.57400000000000040        1.1477772749528721     
  0.57500000000000040        1.1497777963946467     
  0.57600000000000040        1.1517783178364216     
  0.57700000000000040        1.1537788392781965     
  0.57800000000000040        1.1557793607199713     
  0.57900000000000040        1.1577798821617458     
  0.58000000000000040        1.1597804036035202     
  0.58100000000000041        1.1617809250452948     
  0.58200000000000041        1.1637814464870693     
  0.58300000000000041        1.1657819679288441     
  0.58400000000000041        1.1677824893706192     
  0.58500000000000041        1.1697830108123946     
  0.58600000000000041        1.1717835322541696     
  0.58700000000000041        1.1737840536959445     
  0.58800000000000041        1.1757845751377192     
  0.58900000000000041        1.1777850965794934     
  0.59000000000000041        1.1797856180212682     
  0.59100000000000041        1.1817861394630431     
  0.59200000000000041        1.1837866609048175     
  0.59300000000000042        1.1857871823465924     
  0.59400000000000042        1.1877877037883675     
  0.59500000000000042        1.1897882252301422     
  0.59600000000000042        1.1917887466719166     
  0.59700000000000042        1.1937892681136912     
  0.59800000000000042        1.1957897895554659     
  0.59900000000000042        1.1977903109972408     
  0.60000000000000042        1.1997908324390156     
  0.60100000000000042        1.2017913538807905     
  0.60200000000000042        1.2037918753225649     
  0.60300000000000042        1.2057923967643396     
  0.60400000000000043        1.2077929182061145     
  0.60500000000000043        1.2097934396478893     
  0.60600000000000043        1.2117939610896642     
  0.60700000000000043        1.2137944825314393     
  0.60800000000000043        1.2157950039732142     
  0.60900000000000043        1.2177955254149888     
  0.61000000000000043        1.2197960468567635     
  0.61100000000000043        1.2217965682985379     
  0.61200000000000043        1.2237970897403125     
  0.61300000000000043        1.2257976111820874     
  0.61400000000000043        1.2277981326238625     
  0.61500000000000044        1.2297986540656374     
  0.61600000000000044        1.2317991755074122     
  0.61700000000000044        1.2337996969491869     
  0.61800000000000044        1.2358002183909613     
  0.61900000000000044        1.2378007398327360     
  0.62000000000000044        1.2398012612745106     
  0.62100000000000044        1.2418017827162855     
  0.62200000000000044        1.2438023041580604     
  0.62300000000000044        1.2458028255998352     
  0.62400000000000044        1.2478033470416099     
  0.62500000000000044        1.2498038684833845     
  0.62600000000000044        1.2518043899251594     
  0.62700000000000045        1.2538049113669343     
  0.62800000000000045        1.2558054328087092     
  0.62900000000000045        1.2578059542504840     
  0.63000000000000045        1.2598064756922589     
  0.63100000000000045        1.2618069971340333     
  0.63200000000000045        1.2638075185758080     
  0.63300000000000045        1.2658080400175824     
  0.63400000000000045        1.2678085614593573     
  0.63500000000000045        1.2698090829011321     
  0.63600000000000045        1.2718096043429072     
  0.63700000000000045        1.2738101257846821     
  0.63800000000000046        1.2758106472264570     
  0.63900000000000046        1.2778111686682316     
  0.64000000000000046        1.2798116901100061     
  0.64100000000000046        1.2818122115517805     
  0.64200000000000046        1.2838127329935554     
  0.64300000000000046        1.2858132544353302     
  0.64400000000000046        1.2878137758771053     
  0.64500000000000046        1.2898142973188802     
  0.64600000000000046        1.2918148187606548     
  0.64700000000000046        1.2938153402024293     
  0.64800000000000046        1.2958158616442039     
  0.64900000000000047        1.2978163830859786     
  0.65000000000000047        1.2998169045277534     
  0.65100000000000047        1.3018174259695283     
  0.65200000000000047        1.3038179474113027     
  0.65300000000000047        1.3058184688530772     
  0.65400000000000047        1.3078189902948518     
  0.65500000000000047        1.3098195117366267     
  0.65600000000000047        1.3118200331784013     
  0.65700000000000047        1.3138205546201764     
  0.65800000000000047        1.3158210760619515     
  0.65900000000000047        1.3178215975037264     
  0.66000000000000048        1.3198221189455013     
  0.66100000000000048        1.3218226403872759     
  0.66200000000000048        1.3238231618290504     
  0.66300000000000048        1.3258236832708250     
  0.66400000000000048        1.3278242047125999     
  0.66500000000000048        1.3298247261543750     
  0.66600000000000048        1.3318252475961498     
  0.66700000000000048        1.3338257690379247     
  0.66800000000000048        1.3358262904796994     
  0.66900000000000048        1.3378268119214740     
  0.67000000000000048        1.3398273333632484     
  0.67100000000000048        1.3418278548050233     
  0.67200000000000049        1.3438283762467980     
  0.67300000000000049        1.3458288976885726     
  0.67400000000000049        1.3478294191303475     
  0.67500000000000049        1.3498299405721224     
  0.67600000000000049        1.3518304620138968     
  0.67700000000000049        1.3538309834556712     
  0.67800000000000049        1.3558315048974461     
  0.67900000000000049        1.3578320263392212     
  0.68000000000000049        1.3598325477809960     
  0.68100000000000049        1.3618330692227707     
  0.68200000000000049        1.3638335906645456     
  0.68300000000000050        1.3658341121063204     
  0.68400000000000050        1.3678346335480951     
  0.68500000000000050        1.3698351549898697     
  0.68600000000000050        1.3718356764316446     
  0.68700000000000050        1.3738361978734195     
  0.68800000000000050        1.3758367193151941     
  0.68900000000000050        1.3778372407569688     
  0.69000000000000050        1.3798377621987432     
  0.69100000000000050        1.3818382836405179     
  0.69200000000000050        1.3838388050822927     
  0.69300000000000050        1.3858393265240674     
  0.69400000000000051        1.3878398479658427     
  0.69500000000000051        1.3898403694076176     
  0.69600000000000051        1.3918408908493924     
  0.69700000000000051        1.3938414122911673     
  0.69800000000000051        1.3958419337329417     
  0.69900000000000051        1.3978424551747166     
  0.70000000000000051        1.3998429766164917     
  0.70100000000000051        1.4018434980582666     
  0.70200000000000051        1.4038440195000415     
  0.70300000000000051        1.4058445409418163     
  0.70400000000000051        1.4078450623835914     
  0.70500000000000052        1.4098455838253661     
  0.70600000000000052        1.4118461052671405     
  0.70700000000000052        1.4138466267089154     
  0.70800000000000052        1.4158471481506902     
  0.70900000000000052        1.4178476695924647     
  0.71000000000000052        1.4198481910342393     
  0.71100000000000052        1.4218487124760140     
  0.71200000000000052        1.4238492339177886     
  0.71300000000000052        1.4258497553595630     
  0.71400000000000052        1.4278502768013377     
  0.71500000000000052        1.4298507982431126     
  0.71600000000000052        1.4318513196848874     
  0.71700000000000053        1.4338518411266625     
  0.71800000000000053        1.4358523625684376     
  0.71900000000000053        1.4378528840102123     
  0.72000000000000053        1.4398534054519869     
  0.72100000000000053        1.4418539268937618     
  0.72200000000000053        1.4438544483355364     
  0.72300000000000053        1.4458549697773113     
  0.72400000000000053        1.4478554912190869     
  0.72500000000000053        1.4498560126608619     
  0.72600000000000053        1.4518565341026370     
  0.72700000000000053        1.4538570555444117     
  0.72800000000000054        1.4558575769861861     
  0.72900000000000054        1.4578580984279608     
  0.73000000000000054        1.4598586198697354     
  0.73100000000000054        1.4618591413115103     
  0.73200000000000054        1.4638596627532849     
  0.73300000000000054        1.4658601841950598     
  0.73400000000000054        1.4678607056368347     
  0.73500000000000054        1.4698612270786091     
  0.73600000000000054        1.4718617485203838     
  0.73700000000000054        1.4738622699621584     
  0.73800000000000054        1.4758627914039331     
  0.73900000000000055        1.4778633128457077     
  0.74000000000000055        1.4798638342874824     
  0.74100000000000055        1.4818643557292568     
  0.74200000000000055        1.4838648771710312     
  0.74300000000000055        1.4858653986128059     
  0.74400000000000055        1.4878659200545810     
  0.74500000000000055        1.4898664414963558     
  0.74600000000000055        1.4918669629381307     
  0.74700000000000055        1.4938674843799056     
  0.74800000000000055        1.4958680058216800     
  0.74900000000000055        1.4978685272634547     
  0.75000000000000056        1.4998690487052291     
  0.75100000000000056        1.5018695701470037     
  0.75200000000000056        1.5038700915887784     
  0.75300000000000056        1.5058706130305533     
  0.75400000000000056        1.5078711344723286     
  0.75500000000000056        1.5098716559141034     
  0.75600000000000056        1.5118721773558781     
  0.75700000000000056        1.5138726987976527     
  0.75800000000000056        1.5158732202394274     
  0.75900000000000056        1.5178737416812020     
  0.76000000000000056        1.5198742631229769     
  0.76100000000000056        1.5218747845647518     
  0.76200000000000057        1.5238753060065267     
  0.76300000000000057        1.5258758274483011     
  0.76400000000000057        1.5278763488900757     
  0.76500000000000057        1.5298768703318506     
  0.76600000000000057        1.5318773917736255     
  0.76700000000000057        1.5338779132154003     
  0.76800000000000057        1.5358784346571752     
  0.76900000000000057        1.5378789560989501     
  0.77000000000000057        1.5398794775407247     
  0.77100000000000057        1.5418799989824994     
  0.77200000000000057        1.5438805204242743     
  0.77300000000000058        1.5458810418660489     
  0.77400000000000058        1.5478815633078240     
  0.77500000000000058        1.5498820847495991     
  0.77600000000000058        1.5518826061913742     
  0.77700000000000058        1.5538831276331488     
  0.77800000000000058        1.5558836490749237     
  0.77900000000000058        1.5578841705166984     
  0.78000000000000058        1.5598846919584728     
  0.78100000000000058        1.5618852134002474     
  0.78200000000000058        1.5638857348420221     
  0.78300000000000058        1.5658862562837970     
  0.78400000000000059        1.5678867777255718     
  0.78500000000000059        1.5698872991673465     
  0.78600000000000059        1.5718878206091211     
  0.78700000000000059        1.5738883420508956     
  0.78800000000000059        1.5758888634926704     
  0.78900000000000059        1.5778893849344455     
  0.79000000000000059        1.5798899063762204     
  0.79100000000000059        1.5818904278179953     
  0.79200000000000059        1.5838909492597699     
  0.79300000000000059        1.5858914707015446     
  0.79400000000000059        1.5878919921433192     
  0.79500000000000060        1.5898925135850943     
  0.79600000000000060        1.5918930350268694     
  0.79700000000000060        1.5938935564686447     
  0.79800000000000060        1.5958940779104196     
  0.79900000000000060        1.5978945993521945     
  0.80000000000000060        1.5998951207939691     
  0.80100000000000060        1.6018956422357435     
  0.80200000000000060        1.6038961636775180     
  0.80300000000000060        1.6058966851192928     
  0.80400000000000060        1.6078972065610679     
  0.80500000000000060        1.6098977280028428     
  0.80600000000000060        1.6118982494446177     
  0.80700000000000061        1.6138987708863921     
  0.80800000000000061        1.6158992923281665     
  0.80900000000000061        1.6178998137699410     
  0.81000000000000061        1.6199003352117156     
  0.81100000000000061        1.6219008566534905     
  0.81200000000000061        1.6239013780952654     
  0.81300000000000061        1.6259018995370400     
  0.81400000000000061        1.6279024209788149     
  0.81500000000000061        1.6299029424205895     
  0.81600000000000061        1.6319034638623640     
  0.81700000000000061        1.6339039853041388     
  0.81800000000000062        1.6359045067459139     
  0.81900000000000062        1.6379050281876888     
  0.82000000000000062        1.6399055496294637     
  0.82100000000000062        1.6419060710712388     
  0.82200000000000062        1.6439065925130134     
  0.82300000000000062        1.6459071139547878     
  0.82400000000000062        1.6479076353965625     
  0.82500000000000062        1.6499081568383374     
  0.82600000000000062        1.6519086782801122     
  0.82700000000000062        1.6539091997218871     
  0.82800000000000062        1.6559097211636615     
  0.82900000000000063        1.6579102426054362     
  0.83000000000000063        1.6599107640472106     
  0.83100000000000063        1.6619112854889850     
  0.83200000000000063        1.6639118069307597     
  0.83300000000000063        1.6659123283725343     
  0.83400000000000063        1.6679128498143094     
  0.83500000000000063        1.6699133712560843     
  0.83600000000000063        1.6719138926978587     
  0.83700000000000063        1.6739144141396329     
  0.83800000000000063        1.6759149355814074     
  0.83900000000000063        1.6779154570231822     
  0.84000000000000064        1.6799159784649573     
  0.84100000000000064        1.6819164999067320     
  0.84200000000000064        1.6839170213485068     
  0.84300000000000064        1.6859175427902817     
  0.84400000000000064        1.6879180642320561     
  0.84500000000000064        1.6899185856738310     
  0.84600000000000064        1.6919191071156059     
  0.84700000000000064        1.6939196285573812     
  0.84800000000000064        1.6959201499991561     
  0.84900000000000064        1.6979206714409310     
  0.85000000000000064        1.6999211928827060     
  0.85100000000000064        1.7019217143244807     
  0.85200000000000065        1.7039222357662551     
  0.85300000000000065        1.7059227572080298     
  0.85400000000000065        1.7079232786498046     
  0.85500000000000065        1.7099238000915795     
  0.85600000000000065        1.7119243215333546     
  0.85700000000000065        1.7139248429751295     
  0.85800000000000065        1.7159253644169039     
  0.85900000000000065        1.7179258858586783     
  0.86000000000000065        1.7199264073004530     
  0.86100000000000065        1.7219269287422279     
  0.86200000000000065        1.7239274501840025     
  0.86300000000000066        1.7259279716257774     
  0.86400000000000066        1.7279284930675523     
  0.86500000000000066        1.7299290145093271     
  0.86600000000000066        1.7319295359511016     
  0.86700000000000066        1.7339300573928762     
  0.86800000000000066        1.7359305788346511     
  0.86900000000000066        1.7379311002764259     
  0.87000000000000066        1.7399316217182008     
  0.87100000000000066        1.7419321431599759     
  0.87200000000000066        1.7439326646017508     
  0.87300000000000066        1.7459331860435254     
  0.87400000000000067        1.7479337074853001     
  0.87500000000000067        1.7499342289270747     
  0.87600000000000067        1.7519347503688496     
  0.87700000000000067        1.7539352718106245     
  0.87800000000000067        1.7559357932523993     
  0.87900000000000067        1.7579363146941742     
  0.88000000000000067        1.7599368361359486     
  0.88100000000000067        1.7619373575777231     
  0.88200000000000067        1.7639378790194977     
  0.88300000000000067        1.7659384004612726     
  0.88400000000000067        1.7679389219030477     
  0.88500000000000068        1.7699394433448226     
  0.88600000000000068        1.7719399647865974     
  0.88700000000000068        1.7739404862283721     
  0.88800000000000068        1.7759410076701465     
  0.88900000000000068        1.7779415291119214     
  0.89000000000000068        1.7799420505536963     
  0.89100000000000068        1.7819425719954711     
  0.89200000000000068        1.7839430934372464     
  0.89300000000000068        1.7859436148790213     
  0.89400000000000068        1.7879441363207964     
  0.89500000000000068        1.7899446577625713     
  0.89600000000000068        1.7919451792043459     
  0.89700000000000069        1.7939457006461206     
  0.89800000000000069        1.7959462220878952     
  0.89900000000000069        1.7979467435296701     
  0.90000000000000069        1.7999472649714450     
  0.90100000000000069        1.8019477864132196     
  0.90200000000000069        1.8039483078549943     
  0.90300000000000069        1.8059488292967689     
  0.90400000000000069        1.8079493507385436     
  0.90500000000000069        1.8099498721803184     
  0.90600000000000069        1.8119503936220933     
  0.90700000000000069        1.8139509150638682     
  0.90800000000000070        1.8159514365056428     
  0.90900000000000070        1.8179519579474175     
  0.91000000000000070        1.8199524793891919     
  0.91100000000000070        1.8219530008309666     
  0.91200000000000070        1.8239535222727414     
  0.91300000000000070        1.8259540437145163     
  0.91400000000000070        1.8279545651562916     
  0.91500000000000070        1.8299550865980667     
  0.91600000000000070        1.8319556080398416     
  0.91700000000000070        1.8339561294816162     
  0.91800000000000070        1.8359566509233907     
  0.91900000000000071        1.8379571723651651     
  0.92000000000000071        1.8399576938069400     
  0.92100000000000071        1.8419582152487148     
  0.92200000000000071        1.8439587366904897     
  0.92300000000000071        1.8459592581322644     
  0.92400000000000071        1.8479597795740392     
  0.92500000000000071        1.8499603010158139     
  0.92600000000000071        1.8519608224575883     
  0.92700000000000071        1.8539613438993630     
  0.92800000000000071        1.8559618653411378     
  0.92900000000000071        1.8579623867829125     
  0.93000000000000071        1.8599629082246871     
  0.93100000000000072        1.8619634296664618     
  0.93200000000000072        1.8639639511082360     
  0.93300000000000072        1.8659644725500104     
  0.93400000000000072        1.8679649939917853     
  0.93500000000000072        1.8699655154335602     
  0.93600000000000072        1.8719660368753350     
  0.93700000000000072        1.8739665583171097     
  0.93800000000000072        1.8759670797588843     
  0.93900000000000072        1.8779676012006588     
  0.94000000000000072        1.8799681226424332     
  0.94100000000000072        1.8819686440842081     
  0.94200000000000073        1.8839691655259831     
  0.94300000000000073        1.8859696869677582     
  0.94400000000000073        1.8879702084095336     
  0.94500000000000073        1.8899707298513084     
  0.94600000000000073        1.8919712512930831     
  0.94700000000000073        1.8939717727348577     
  0.94800000000000073        1.8959722941766322     
  0.94900000000000073        1.8979728156184070     
  0.95000000000000073        1.8999733370601832     
  0.95100000000000073        1.9019738585019670     
  0.95200000000000073        1.9039743799437934     
  0.95300000000000074        1.9059749013858185     
  0.95400000000000074        1.9079754228286516     
  0.95500000000000074        1.9099759442744064     
  0.95600000000000074        1.9119764657297047     
  0.95700000000000074        1.9139769872135131     
  0.95800000000000074        1.9159775087759754     
  0.95900000000000074        1.9179780305404366     
  0.96000000000000074        1.9199785527910729     
  0.96100000000000074        1.9219790761445321     
  0.96200000000000074        1.9239796018671504     
  0.96300000000000074        1.9259801324301118     
  0.96400000000000075        1.9279806724323276     
  0.96500000000000075        1.9299812300612726     
  0.96600000000000075        1.9319818192991105     
  0.96700000000000075        1.9339824631057403     
  0.96800000000000075        1.9359831978102409     
  0.96900000000000075        1.9379840789052996     
  0.97000000000000075        1.9399851883551016     
  0.97100000000000075        1.9419866433899551     
  0.97200000000000075        1.9439886065721799     
  0.97300000000000075        1.9459912966884116     
  0.97400000000000075        1.9479949997744241     
  0.97500000000000075        1.9500000793395911     
  0.97600000000000076        1.9520069846646966     
  0.97700000000000076        1.9540162559353491     
  0.97800000000000076        1.9560285249755416     
  0.97900000000000076        1.9580445104832078     
  0.98000000000000076        1.9600650069482422     
  0.98100000000000076        1.9620908668418313     
  0.98200000000000076        1.9641229761745944     
  0.98300000000000076        1.9661622240849987     
  0.98400000000000076        1.9682094676834208     
  0.98500000000000076        1.9702654938819120     
  0.98600000000000076        1.9723309803296654     
  0.98700000000000077        1.9744064578045379     
  0.98800000000000077        1.9764922764531287     
  0.98900000000000077        1.9785885781170101     
  0.99000000000000077        1.9806952766423362     
  0.99100000000000077        1.9828120475747169     
  0.99200000000000077        1.9849383280361821     
  0.99300000000000077        1.9870733269209142     
  0.99400000000000077        1.9892160448888281     
  0.99500000000000077        1.9913653030355620     
  0.99600000000000077        1.9935197786201031     
  0.99700000000000077        1.9956780458707841     
  0.99800000000000078        1.9978386196858291     
   1.0000000000000000        2.0000000000000000     
