 x, y
   0.0000000000000000        0.0000000000000000     
   1.0000000000000000E-003   1.0000002500000001E-003
   2.0000000000000000E-003   2.0000025000022504E-003
   3.0000000000000001E-003   3.0000087500247504E-003
   4.0000000000000001E-003   4.0000210001175009E-003
   5.0000000000000001E-003   5.0000412503785037E-003
   6.0000000000000001E-003   6.0000715009697631E-003
   7.0000000000000001E-003   7.0001137521332893E-003
   8.0000000000000002E-003   8.0001700042071026E-003
   9.0000000000000011E-003   9.0002422576412385E-003
   1.0000000000000002E-002   1.0000332513013755E-002
   1.1000000000000003E-002   1.1000442771046745E-002
   1.2000000000000004E-002   1.2000575032622343E-002
   1.3000000000000005E-002   1.3000731298798751E-002
   1.4000000000000005E-002   1.4000913570826241E-002
   1.5000000000000006E-002   1.5001123850163190E-002
   1.6000000000000007E-002   1.6001364138492097E-002
   1.7000000000000008E-002   1.7001636437735612E-002
   1.8000000000000009E-002   1.8001942750072577E-002
   1.9000000000000010E-002   1.9002285077954054E-002
   2.0000000000000011E-002   2.0002665424119367E-002
   2.1000000000000012E-002   2.1003085791612152E-002
   2.2000000000000013E-002   2.2003548183796410E-002
   2.3000000000000013E-002   2.3004054604372558E-002
   2.4000000000000014E-002   2.4004607057393504E-002
   2.5000000000000015E-002   2.5005207547280698E-002
   2.6000000000000016E-002   2.6005858078840222E-002
   2.7000000000000017E-002   2.7006560657278869E-002
   2.8000000000000018E-002   2.8007317288220222E-002
   2.9000000000000019E-002   2.9008129977720766E-002
   3.0000000000000020E-002   3.0009000732285979E-002
   3.1000000000000021E-002   3.1009931558886445E-002
   3.2000000000000021E-002   3.2010924464973972E-002
   3.3000000000000022E-002   3.3011981458497722E-002
   3.4000000000000023E-002   3.4013104547920343E-002
   3.5000000000000024E-002   3.5014295742234122E-002
   3.6000000000000025E-002   3.6015557050977122E-002
   3.7000000000000026E-002   3.7016890484249360E-002
   3.8000000000000027E-002   3.8018298052728959E-002
   3.9000000000000028E-002   3.9019781767688361E-002
   4.0000000000000029E-002   4.0021343641010489E-002
   4.1000000000000029E-002   4.1022985685204960E-002
   4.2000000000000030E-002   4.2024709913424309E-002
   4.3000000000000031E-002   4.3026518339480187E-002
   4.4000000000000032E-002   4.4028412977859629E-002
   4.5000000000000033E-002   4.5030395843741272E-002
   4.6000000000000034E-002   4.6032468953011635E-002
   4.7000000000000035E-002   4.7034634322281374E-002
   4.8000000000000036E-002   4.8036893968901567E-002
   4.9000000000000037E-002   4.9039249910980028E-002
   5.0000000000000037E-002   5.0041704167397581E-002
   5.1000000000000038E-002   5.1044258757824423E-002
   5.2000000000000039E-002   5.2046915702736424E-002
   5.3000000000000040E-002   5.3049677023431496E-002
   5.4000000000000041E-002   5.4052544742045947E-002
   5.5000000000000042E-002   5.5055520881570862E-002
   5.6000000000000043E-002   5.6058607465868500E-002
   5.7000000000000044E-002   5.7061806519688688E-002
   5.8000000000000045E-002   5.8065120068685257E-002
   5.9000000000000045E-002   5.9068550139432470E-002
   6.0000000000000046E-002   6.0072098759441472E-002
   6.1000000000000047E-002   6.1075767957176785E-002
   6.2000000000000048E-002   6.2079559762072752E-002
   6.3000000000000042E-002   6.3083476204550071E-002
   6.4000000000000043E-002   6.4087519316032321E-002
   6.5000000000000044E-002   6.5091691128962445E-002
   6.6000000000000045E-002   6.6095993676819384E-002
   6.7000000000000046E-002   6.7100428994134570E-002
   6.8000000000000047E-002   6.8104999116508566E-002
   6.9000000000000047E-002   6.9109706080627664E-002
   7.0000000000000048E-002   7.0114551924280497E-002
   7.1000000000000049E-002   7.1119538686374703E-002
   7.2000000000000050E-002   7.2124668406953571E-002
   7.3000000000000051E-002   7.3129943127212743E-002
   7.4000000000000052E-002   7.4135364889516900E-002
   7.5000000000000053E-002   7.5140935737416509E-002
   7.6000000000000054E-002   7.6146657715664548E-002
   7.7000000000000055E-002   7.7152532870233284E-002
   7.8000000000000055E-002   7.8158563248331037E-002
   7.9000000000000056E-002   7.9164750898419026E-002
   8.0000000000000057E-002   8.0171097870228150E-002
   8.1000000000000058E-002   8.1177606214775877E-002
   8.2000000000000059E-002   8.2184277984383103E-002
   8.3000000000000060E-002   8.3191115232691043E-002
   8.4000000000000061E-002   8.4198120014678177E-002
   8.5000000000000062E-002   8.5205294386677122E-002
   8.6000000000000063E-002   8.6212640406391691E-002
   8.7000000000000063E-002   8.7220160132913796E-002
   8.8000000000000064E-002   8.8227855626740528E-002
   8.9000000000000065E-002   8.9235728949791135E-002
   9.0000000000000066E-002   9.0243782165424127E-002
   9.1000000000000067E-002   9.1252017338454325E-002
   9.2000000000000068E-002   9.2260436535170021E-002
   9.3000000000000069E-002   9.3269041823350066E-002
   9.4000000000000070E-002   9.4277835272281049E-002
   9.5000000000000070E-002   9.5286818952774507E-002
   9.6000000000000071E-002   9.6295994937184090E-002
   9.7000000000000072E-002   9.7305365299422852E-002
   9.8000000000000073E-002   9.8314932114980491E-002
   9.9000000000000074E-002   9.9324697460940664E-002
  0.10000000000000007       0.10033466341599828     
  0.10100000000000008       0.10134483206047690     
  0.10200000000000008       0.10235520547634605     
  0.10300000000000008       0.10336578574723869     
  0.10400000000000008       0.10437657495846862     
  0.10500000000000008       0.10538757519704796     
  0.10600000000000008       0.10639878855170461     
  0.10700000000000008       0.10741021711289982     
  0.10800000000000008       0.10842186297284574     
  0.10900000000000008       0.10943372822552298     
  0.11000000000000008       0.11044581496669824     
  0.11100000000000008       0.11145812529394196     
  0.11200000000000009       0.11247066130664600     
  0.11300000000000009       0.11348342510604136     
  0.11400000000000009       0.11449641879521587     
  0.11500000000000009       0.11550964447913205     
  0.11600000000000009       0.11652310426464485     
  0.11700000000000009       0.11753680026051953     
  0.11800000000000009       0.11855073457744951     
  0.11900000000000009       0.11956490932807429     
  0.12000000000000009       0.12057932662699737     
  0.12100000000000009       0.12159398859080428     
  0.12200000000000009       0.12260889733808053     
  0.12300000000000010       0.12362405498942970     
  0.12400000000000010       0.12463946366749150     
  0.12500000000000008       0.12565512549695987     
  0.12600000000000008       0.12667104260460119     
  0.12700000000000009       0.12768721711927239     
  0.12800000000000009       0.12870365117193927     
  0.12900000000000009       0.12972034689569467     
  0.13000000000000009       0.13073730642577686     
  0.13100000000000009       0.13175453189958775     
  0.13200000000000009       0.13277202545671143     
  0.13300000000000009       0.13378978923893248     
  0.13400000000000009       0.13480782539025438     
  0.13500000000000009       0.13582613605691815     
  0.13600000000000009       0.13684472338742079     
  0.13700000000000009       0.13786358953253380     
  0.13800000000000009       0.13888273664532191     
  0.13900000000000010       0.13990216688116167     
  0.14000000000000010       0.14092188239776010     
  0.14100000000000010       0.14194188535517352     
  0.14200000000000010       0.14296217791582624     
  0.14300000000000010       0.14398276224452947     
  0.14400000000000010       0.14500364050850004     
  0.14500000000000010       0.14602481487737945     
  0.14600000000000010       0.14704628752325272     
  0.14700000000000010       0.14806806062066744     
  0.14800000000000010       0.14909013634665272     
  0.14900000000000010       0.15011251688073837     
  0.15000000000000011       0.15113520440497394     
  0.15100000000000011       0.15215820110394790     
  0.15200000000000011       0.15318150916480691     
  0.15300000000000011       0.15420513077727499     
  0.15400000000000011       0.15522906813367288     
  0.15500000000000011       0.15625332342893733     
  0.15600000000000011       0.15727789886064061     
  0.15700000000000011       0.15830279662900981     
  0.15800000000000011       0.15932801893694643     
  0.15900000000000011       0.16035356799004585     
  0.16000000000000011       0.16137944599661697     
  0.16100000000000012       0.16240565516770181     
  0.16200000000000012       0.16343219771709522     
  0.16300000000000012       0.16445907586136457     
  0.16400000000000012       0.16548629181986960     
  0.16500000000000012       0.16651384781478212     
  0.16600000000000012       0.16754174607110606     
  0.16700000000000012       0.16856998881669724     
  0.16800000000000012       0.16959857828228353     
  0.16900000000000012       0.17062751670148471     
  0.17000000000000012       0.17165680631083269     
  0.17100000000000012       0.17268644934979152     
  0.17200000000000013       0.17371644806077774     
  0.17300000000000013       0.17474680468918052     
  0.17400000000000013       0.17577752148338197     
  0.17500000000000013       0.17680860069477747     
  0.17600000000000013       0.17784004457779617     
  0.17700000000000013       0.17887185538992137     
  0.17800000000000013       0.17990403539171107     
  0.17900000000000013       0.18093658684681851     
  0.18000000000000013       0.18196951202201286     
  0.18100000000000013       0.18300281318719985     
  0.18200000000000013       0.18403649261544253     
  0.18300000000000013       0.18507055258298205     
  0.18400000000000014       0.18610499536925859     
  0.18500000000000014       0.18713982325693221     
  0.18600000000000014       0.18817503853190379     
  0.18700000000000014       0.18921064348333616     
  0.18800000000000014       0.19024664040367514     
  0.18900000000000014       0.19128303158867066     
  0.19000000000000014       0.19231981933739803     
  0.19100000000000014       0.19335700595227920     
  0.19200000000000014       0.19439459373910409     
  0.19300000000000014       0.19543258500705193     
  0.19400000000000014       0.19647098206871280     
  0.19500000000000015       0.19750978724010912     
  0.19600000000000015       0.19854900284071722     
  0.19700000000000015       0.19958863119348899     
  0.19800000000000015       0.20062867462487360     
  0.19900000000000015       0.20166913546483928     
  0.20000000000000015       0.20271001604689515     
  0.20100000000000015       0.20375131870811306     
  0.20200000000000015       0.20479304578914970     
  0.20300000000000015       0.20583519963426850     
  0.20400000000000015       0.20687778259136180     
  0.20500000000000015       0.20792079701197305     
  0.20600000000000016       0.20896424525131893     
  0.20700000000000016       0.21000812966831173     
  0.20800000000000016       0.21105245262558175     
  0.20900000000000016       0.21209721648949972     
  0.21000000000000016       0.21314242363019925     
  0.21100000000000016       0.21418807642159945     
  0.21200000000000016       0.21523417724142765     
  0.21300000000000016       0.21628072847124200     
  0.21400000000000016       0.21732773249645432     
  0.21500000000000016       0.21837519170635297     
  0.21600000000000016       0.21942310849412580     
  0.21700000000000016       0.22047148525688309     
  0.21800000000000017       0.22152032439568073     
  0.21900000000000017       0.22256962831554325     
  0.22000000000000017       0.22361939942548717     
  0.22100000000000017       0.22466964013854421     
  0.22200000000000017       0.22572035287178474     
  0.22300000000000017       0.22677154004634120     
  0.22400000000000017       0.22782320408743165     
  0.22500000000000017       0.22887534742438329     
  0.22600000000000017       0.22992797249065627     
  0.22700000000000017       0.23098108172386742     
  0.22800000000000017       0.23203467756581397     
  0.22900000000000018       0.23308876246249763     
  0.23000000000000018       0.23414333886414851     
  0.23100000000000018       0.23519840922524918     
  0.23200000000000018       0.23625397600455889     
  0.23300000000000018       0.23731004166513769     
  0.23400000000000018       0.23836660867437093     
  0.23500000000000018       0.23942367950399349     
  0.23600000000000018       0.24048125663011435     
  0.23700000000000018       0.24153934253324114     
  0.23800000000000018       0.24259793969830473     
  0.23900000000000018       0.24365705061468412     
  0.24000000000000019       0.24471667777623107     
  0.24100000000000019       0.24577682368129514     
  0.24200000000000019       0.24683749083274856     
  0.24300000000000019       0.24789868173801144     
  0.24400000000000019       0.24896039890907684     
  0.24500000000000019       0.25002264486253600     
  0.24600000000000019       0.25108542211960377     
  0.24700000000000019       0.25214873320614400     
  0.24800000000000019       0.25321258065269492     
  0.24900000000000019       0.25427696699449492     
  0.25000000000000017       0.25534189477150826     
  0.25100000000000017       0.25640736652845059     
  0.25200000000000017       0.25747338481481519     
  0.25300000000000017       0.25853995218489861     
  0.25400000000000017       0.25960707119782694     
  0.25500000000000017       0.26067474441758193     
  0.25600000000000017       0.26174297441302713     
  0.25700000000000017       0.26281176375793430     
  0.25800000000000017       0.26388111503100992     
  0.25900000000000017       0.26495103081592153     
  0.26000000000000018       0.26602151370132460     
  0.26100000000000018       0.26709256628088901     
  0.26200000000000018       0.26816419115332607     
  0.26300000000000018       0.26923639092241525     
  0.26400000000000018       0.27030916819703144     
  0.26500000000000018       0.27138252559117176     
  0.26600000000000018       0.27245646572398308     
  0.26700000000000018       0.27353099121978908     
  0.26800000000000018       0.27460610470811786     
  0.26900000000000018       0.27568180882372934     
  0.27000000000000018       0.27675810620664293     
  0.27100000000000019       0.27783499950216523     
  0.27200000000000019       0.27891249136091789     
  0.27300000000000019       0.27999058443886554     
  0.27400000000000019       0.28106928139734372     
  0.27500000000000019       0.28214858490308720     
  0.27600000000000019       0.28322849762825808     
  0.27700000000000019       0.28430902225047416     
  0.27800000000000019       0.28539016145283758     
  0.27900000000000019       0.28647191792396309     
  0.28000000000000019       0.28755429435800700     
  0.28100000000000019       0.28863729345469585     
  0.28200000000000019       0.28972091791935528     
  0.28300000000000020       0.29080517046293908     
  0.28400000000000020       0.29189005380205829     
  0.28500000000000020       0.29297557065901053     
  0.28600000000000020       0.29406172376180922     
  0.28700000000000020       0.29514851584421309     
  0.28800000000000020       0.29623594964575573     
  0.28900000000000020       0.29732402791177537     
  0.29000000000000020       0.29841275339344459     
  0.29100000000000020       0.29950212884780025     
  0.29200000000000020       0.30059215703777359     
  0.29300000000000020       0.30168284073222029     
  0.29400000000000021       0.30277418270595091     
  0.29500000000000021       0.30386618573976110     
  0.29600000000000021       0.30495885262046218     
  0.29700000000000021       0.30605218614091195     
  0.29800000000000021       0.30714618910004510     
  0.29900000000000021       0.30824086430290443     
  0.30000000000000021       0.30933621456067167     
  0.30100000000000021       0.31043224269069863     
  0.30200000000000021       0.31152895151653848     
  0.30300000000000021       0.31262634386797716     
  0.30400000000000021       0.31372442258106487     
  0.30500000000000022       0.31482319049814755     
  0.30600000000000022       0.31592265046789897     
  0.30700000000000022       0.31702280534535227     
  0.30800000000000022       0.31812365799193215     
  0.30900000000000022       0.31922521127548709     
  0.31000000000000022       0.32032746807032147     
  0.31100000000000022       0.32143043125722809     
  0.31200000000000022       0.32253410372352065     
  0.31300000000000022       0.32363848836306647     
  0.31400000000000022       0.32474358807631926     
  0.31500000000000022       0.32584940577035215     
  0.31600000000000023       0.32695594435889069     
  0.31700000000000023       0.32806320676234613     
  0.31800000000000023       0.32917119590784866     
  0.31900000000000023       0.33027991472928114     
  0.32000000000000023       0.33138936616731246     
  0.32100000000000023       0.33249955316943153     
  0.32200000000000023       0.33361047868998112     
  0.32300000000000023       0.33472214569019187     
  0.32400000000000023       0.33583455713821664     
  0.32500000000000023       0.33694771600916462     
  0.32600000000000023       0.33806162528513600     
  0.32700000000000023       0.33917628795525667     
  0.32800000000000024       0.34029170701571276     
  0.32900000000000024       0.34140788546978579     
  0.33000000000000024       0.34252482632788767     
  0.33100000000000024       0.34364253260759586     
  0.33200000000000024       0.34476100733368892     
  0.33300000000000024       0.34588025353818180     
  0.33400000000000024       0.34700027426036173     
  0.33500000000000024       0.34812107254682401     
  0.33600000000000024       0.34924265145150790     
  0.33700000000000024       0.35036501403573289     
  0.33800000000000024       0.35148816336823485     
  0.33900000000000025       0.35261210252520264     
  0.34000000000000025       0.35373683459031463     
  0.34100000000000025       0.35486236265477544     
  0.34200000000000025       0.35598868981735304     
  0.34300000000000025       0.35711581918441559     
  0.34400000000000025       0.35824375386996898     
  0.34500000000000025       0.35937249699569396     
  0.34600000000000025       0.36050205169098387     
  0.34700000000000025       0.36163242109298238     
  0.34800000000000025       0.36276360834662141     
  0.34900000000000025       0.36389561660465919     
  0.35000000000000026       0.36502844902771842     
  0.35100000000000026       0.36616210878432476     
  0.35200000000000026       0.36729659905094547     
  0.35300000000000026       0.36843192301202804     
  0.35400000000000026       0.36956808386003920     
  0.35500000000000026       0.37070508479550390     
  0.35600000000000026       0.37184292902704480     
  0.35700000000000026       0.37298161977142147     
  0.35800000000000026       0.37412116025357017     
  0.35900000000000026       0.37526155370664360     
  0.36000000000000026       0.37640280337205084     
  0.36100000000000027       0.37754491249949762     
  0.36200000000000027       0.37868788434702649     
  0.36300000000000027       0.37983172218105743     
  0.36400000000000027       0.38097642927642866     
  0.36500000000000027       0.38212200891643727     
  0.36600000000000027       0.38326846439288054     
  0.36700000000000027       0.38441579900609701     
  0.36800000000000027       0.38556401606500806     
  0.36900000000000027       0.38671311888715948     
  0.37000000000000027       0.38786311079876323     
  0.37100000000000027       0.38901399513473955     
  0.37200000000000027       0.39016577523875917     
  0.37300000000000028       0.39131845446328556     
  0.37400000000000028       0.39247203616961773     
  0.37500000000000028       0.39362652372793283     
  0.37600000000000028       0.39478192051732930     
  0.37700000000000028       0.39593822992586986     
  0.37800000000000028       0.39709545535062507     
  0.37900000000000028       0.39825360019771677     
  0.38000000000000028       0.39941266788236202     
  0.38100000000000028       0.40057266182891688     
  0.38200000000000028       0.40173358547092075     
  0.38300000000000028       0.40289544225114077     
  0.38400000000000029       0.40405823562161630     
  0.38500000000000029       0.40522196904370389     
  0.38600000000000029       0.40638664598812213     
  0.38700000000000029       0.40755226993499694     
  0.38800000000000029       0.40871884437390715     
  0.38900000000000029       0.40988637280392992     
  0.39000000000000029       0.41105485873368675     
  0.39100000000000029       0.41222430568138957     
  0.39200000000000029       0.41339471717488696     
  0.39300000000000029       0.41456609675171074     
  0.39400000000000029       0.41573844795912274     
  0.39500000000000030       0.41691177435416160     
  0.39600000000000030       0.41808607950369009     
  0.39700000000000030       0.41926136698444250     
  0.39800000000000030       0.42043764038307230     
  0.39900000000000030       0.42161490329619988     
  0.40000000000000030       0.42279315933046080     
  0.40100000000000030       0.42397241210255393     
  0.40200000000000030       0.42515266523929018     
  0.40300000000000030       0.42633392237764117     
  0.40400000000000030       0.42751618716478823     
  0.40500000000000030       0.42869946325817171     
  0.40600000000000031       0.42988375432554049     
  0.40700000000000031       0.43106906404500156     
  0.40800000000000031       0.43225539610507019     
  0.40900000000000031       0.43344275420472000     
  0.41000000000000031       0.43463114205343351     
  0.41100000000000031       0.43582056337125263     
  0.41200000000000031       0.43701102188882984     
  0.41300000000000031       0.43820252134747928     
  0.41400000000000031       0.43939506549922813     
  0.41500000000000031       0.44058865810686842     
  0.41600000000000031       0.44178330294400886     
  0.41700000000000031       0.44297900379512706     
  0.41800000000000032       0.44417576445562212     
  0.41900000000000032       0.44537358873186705     
  0.42000000000000032       0.44657248044126202     
  0.42100000000000032       0.44777244341228745     
  0.42200000000000032       0.44897348148455746     
  0.42300000000000032       0.45017559850887373     
  0.42400000000000032       0.45137879834727940     
  0.42500000000000032       0.45258308487311344     
  0.42600000000000032       0.45378846197106520     
  0.42700000000000032       0.45499493353722920     
  0.42800000000000032       0.45620250347916019     
  0.42900000000000033       0.45741117571592865     
  0.43000000000000033       0.45862095417817622     
  0.43100000000000033       0.45983184280817185     
  0.43200000000000033       0.46104384555986777     
  0.43300000000000033       0.46225696639895625     
  0.43400000000000033       0.46347120930292607     
  0.43500000000000033       0.46468657826111975     
  0.43600000000000033       0.46590307727479086     
  0.43700000000000033       0.46712071035716152     
  0.43800000000000033       0.46833948153348054     
  0.43900000000000033       0.46955939484108145     
  0.44000000000000034       0.47078045432944093     
  0.44100000000000034       0.47200266406023783     
  0.44200000000000034       0.47322602810741210     
  0.44300000000000034       0.47445055055722418     
  0.44400000000000034       0.47567623550831478     
  0.44500000000000034       0.47690308707176476     
  0.44600000000000034       0.47813110937115549     
  0.44700000000000034       0.47936030654262946     
  0.44800000000000034       0.48059068273495109     
  0.44900000000000034       0.48182224210956820     
  0.45000000000000034       0.48305498884067327     
  0.45100000000000035       0.48428892711526544     
  0.45200000000000035       0.48552406113321261     
  0.45300000000000035       0.48676039510731400     
  0.45400000000000035       0.48799793326336294     
  0.45500000000000035       0.48923667984020985     
  0.45600000000000035       0.49047663908982597     
  0.45700000000000035       0.49171781527736697     
  0.45800000000000035       0.49296021268123696     
  0.45900000000000035       0.49420383559315323     
  0.46000000000000035       0.49544868831821076     
  0.46100000000000035       0.49669477517494742     
  0.46200000000000035       0.49794210049540949     
  0.46300000000000036       0.49919066862521738     
  0.46400000000000036       0.50044048392363172     
  0.46500000000000036       0.50169155076361993     
  0.46600000000000036       0.50294387353192294     
  0.46700000000000036       0.50419745662912252     
  0.46800000000000036       0.50545230446970868     
  0.46900000000000036       0.50670842148214756     
  0.47000000000000036       0.50796581210894964     
  0.47100000000000036       0.50922448080673843     
  0.47200000000000036       0.51048443204631933     
  0.47300000000000036       0.51174567031274909     
  0.47400000000000037       0.51300820010540515     
  0.47500000000000037       0.51427202593805610     
  0.47600000000000037       0.51553715233893183     
  0.47700000000000037       0.51680358385079439     
  0.47800000000000037       0.51807132503100917     
  0.47900000000000037       0.51934038045161646     
  0.48000000000000037       0.52061075469940332     
  0.48100000000000037       0.52188245237597586     
  0.48200000000000037       0.52315547809783214     
  0.48300000000000037       0.52442983649643482     
  0.48400000000000037       0.52570553221828509     
  0.48500000000000038       0.52698256992499626     
  0.48600000000000038       0.52826095429336806     
  0.48700000000000038       0.52954069001546122     
  0.48800000000000038       0.53082178179867268     
  0.48900000000000038       0.53210423436581100     
  0.49000000000000038       0.53338805245517207     
  0.49100000000000038       0.53467324082061551     
  0.49200000000000038       0.53595980423164125     
  0.49300000000000038       0.53724774747346682     
  0.49400000000000038       0.53853707534710471     
  0.49500000000000038       0.53982779266944025     
  0.49600000000000039       0.54111990427330992     
  0.49700000000000039       0.54241341500758034     
  0.49800000000000039       0.54370832973722727     
  0.49900000000000039       0.54500465334341530     
  0.50000000000000033       0.54630239072357789     
  0.50100000000000033       0.54760154679149797     
  0.50200000000000033       0.54890212647738867     
  0.50300000000000034       0.55020413472797502     
  0.50400000000000034       0.55150757650657534     
  0.50500000000000034       0.55281245679318392     
  0.50600000000000034       0.55411878058455344     
  0.50700000000000034       0.55542655289427834     
  0.50800000000000034       0.55673577875287827     
  0.50900000000000034       0.55804646320788243     
  0.51000000000000034       0.55935861132391385     
  0.51100000000000034       0.56067222818277462     
  0.51200000000000034       0.56198731888353115     
  0.51300000000000034       0.56330388854260038     
  0.51400000000000035       0.56462194229383611     
  0.51500000000000035       0.56594148528861588     
  0.51600000000000035       0.56726252269592836     
  0.51700000000000035       0.56858505970246120     
  0.51800000000000035       0.56990910151268959     
  0.51900000000000035       0.57123465334896484     
  0.52000000000000035       0.57256172045160403     
  0.52100000000000035       0.57389030807897956     
  0.52200000000000035       0.57522042150760966     
  0.52300000000000035       0.57655206603224940     
  0.52400000000000035       0.57788524696598176     
  0.52500000000000036       0.57921996964030964     
  0.52600000000000036       0.58055623940524825     
  0.52700000000000036       0.58189406162941804     
  0.52800000000000036       0.58323344170013824     
  0.52900000000000036       0.58457438502352055     
  0.53000000000000036       0.58591689702456373     
  0.53100000000000036       0.58726098314724884     
  0.53200000000000036       0.58860664885463465     
  0.53300000000000036       0.58995389962895350     
  0.53400000000000036       0.59130274097170843     
  0.53500000000000036       0.59265317840376985     
  0.53600000000000037       0.59400521746547374     
  0.53700000000000037       0.59535886371671964     
  0.53800000000000037       0.59671412273706970     
  0.53900000000000037       0.59807100012584791     
  0.54000000000000037       0.59942950150224017     
  0.54100000000000037       0.60078963250539497     
  0.54200000000000037       0.60215139879452440     
  0.54300000000000037       0.60351480604900576     
  0.54400000000000037       0.60487985996848403     
  0.54500000000000037       0.60624656627297469     
  0.54600000000000037       0.60761493070296724     
  0.54700000000000037       0.60898495901952909     
  0.54800000000000038       0.61035665700441044     
  0.54900000000000038       0.61173003046014929     
  0.55000000000000038       0.61310508521017770     
  0.55100000000000038       0.61448182709892785     
  0.55200000000000038       0.61586026199193933     
  0.55300000000000038       0.61724039577596690     
  0.55400000000000038       0.61862223435908881     
  0.55500000000000038       0.62000578367081571     
  0.55600000000000038       0.62139104966220027     
  0.55700000000000038       0.62277803830594747     
  0.55800000000000038       0.62416675559652535     
  0.55900000000000039       0.62555720755027677     
  0.56000000000000039       0.62694940020553147     
  0.56100000000000039       0.62834333962271871     
  0.56200000000000039       0.62973903188448110     
  0.56300000000000039       0.63113648309578851     
  0.56400000000000039       0.63253569938405307     
  0.56500000000000039       0.63393668689924454     
  0.56600000000000039       0.63533945181400653     
  0.56700000000000039       0.63674400032377332     
  0.56800000000000039       0.63815033864688742     
  0.56900000000000039       0.63955847302471802     
  0.57000000000000040       0.64096840972177960     
  0.57100000000000040       0.64238015502585166     
  0.57200000000000040       0.64379371524809936     
  0.57300000000000040       0.64520909672319426     
  0.57400000000000040       0.64662630580943603     
  0.57500000000000040       0.64804534888887544     
  0.57600000000000040       0.64946623236743695     
  0.57700000000000040       0.65088896267504315     
  0.57800000000000040       0.65231354626573934     
  0.57900000000000040       0.65373998961781887     
  0.58000000000000040       0.65516829923394937     
  0.58100000000000041       0.65659848164129975     
  0.58200000000000041       0.65803054339166800     
  0.58300000000000041       0.65946449106160943     
  0.58400000000000041       0.66090033125256598     
  0.58500000000000041       0.66233807059099636     
  0.58600000000000041       0.66377771572850686     
  0.58700000000000041       0.66521927334198272     
  0.58800000000000041       0.66666275013372067     
  0.58900000000000041       0.66810815283156211     
  0.59000000000000041       0.66955548818902699     
  0.59100000000000041       0.67100476298544875     
  0.59200000000000041       0.67245598402610984     
  0.59300000000000042       0.67390915814237795     
  0.59400000000000042       0.67536429219184380     
  0.59500000000000042       0.67682139305845856     
  0.59600000000000042       0.67828046765267336     
  0.59700000000000042       0.67974152291157863     
  0.59800000000000042       0.68120456579904509     
  0.59900000000000042       0.68266960330586479     
  0.60000000000000042       0.68413664244989392     
  0.60100000000000042       0.68560569027619578     
  0.60200000000000042       0.68707675385718492     
  0.60300000000000042       0.68854984029277200     
  0.60400000000000043       0.69002495671050978     
  0.60500000000000043       0.69150211026574004     
  0.60600000000000043       0.69298130814174086     
  0.60700000000000043       0.69446255754987540     
  0.60800000000000043       0.69594586572974149     
  0.60900000000000043       0.69743123994932188     
  0.61000000000000043       0.69891868750513564     
  0.61100000000000043       0.70040821572239043     
  0.61200000000000043       0.70189983195513572     
  0.61300000000000043       0.70339354358641681     
  0.61400000000000043       0.70488935802843022     
  0.61500000000000044       0.70638728272267959     
  0.61600000000000044       0.70788732514013286     
  0.61700000000000044       0.70938949278138008     
  0.61800000000000044       0.71089379317679280     
  0.61900000000000044       0.71240023388668372     
  0.62000000000000044       0.71390882250146781     
  0.62100000000000044       0.71541956664182449     
  0.62200000000000044       0.71693247395886051     
  0.62300000000000044       0.71844755213427391     
  0.62400000000000044       0.71996480888051939     
  0.62500000000000044       0.72148425194097421     
  0.62600000000000044       0.72300588909010544     
  0.62700000000000045       0.72452972813363814     
  0.62800000000000045       0.72605577690872469     
  0.62900000000000045       0.72758404328411508     
  0.63000000000000045       0.72911453516032831     
  0.63100000000000045       0.73064726046982509     
  0.63200000000000045       0.73218222717718118     
  0.63300000000000045       0.73371944327926231     
  0.63400000000000045       0.73525891680539979     
  0.63500000000000045       0.73680065581756771     
  0.63600000000000045       0.73834466841056079     
  0.63700000000000045       0.73989096271217358     
  0.63800000000000046       0.74143954688338098     
  0.63900000000000046       0.74299042911851942     
  0.64000000000000046       0.74454361764546972     
  0.64100000000000046       0.74609912072584084     
  0.64200000000000046       0.74765694665515481     
  0.64300000000000046       0.74921710376303319     
  0.64400000000000046       0.75077960041338421     
  0.64500000000000046       0.75234444500459119     
  0.64600000000000046       0.75391164596970262     
  0.64700000000000046       0.75548121177662309     
  0.64800000000000046       0.75705315092830550     
  0.64900000000000047       0.75862747196294467     
  0.65000000000000047       0.76020418345417184     
  0.65100000000000047       0.76178329401125100     
  0.65200000000000047       0.76336481227927577     
  0.65300000000000047       0.76494874693936843     
  0.65400000000000047       0.76653510670887925     
  0.65500000000000047       0.76812390034158795     
  0.65600000000000047       0.76971513662790625     
  0.65700000000000047       0.77130882439508130     
  0.65800000000000047       0.77290497250740098     
  0.65900000000000047       0.77450358986640044     
  0.66000000000000048       0.77610468541106969     
  0.66100000000000048       0.77770826811806293     
  0.66200000000000048       0.77931434700190894     
  0.66300000000000048       0.78092293111522293     
  0.66400000000000048       0.78253402954892026     
  0.66500000000000048       0.78414765143243059     
  0.66600000000000048       0.78576380593391426     
  0.66700000000000048       0.78738250226047990     
  0.66800000000000048       0.78900374965840347     
  0.66900000000000048       0.79062755741334834     
  0.67000000000000048       0.79225393485058748     
  0.67100000000000048       0.79388289133522671     
  0.67200000000000049       0.79551443627242979     
  0.67300000000000049       0.79714857910764425     
  0.67400000000000049       0.79878532932682966     
  0.67500000000000049       0.80042469645668679     
  0.67600000000000049       0.80206669006488862     
  0.67700000000000049       0.80371131976031274     
  0.67800000000000049       0.80535859519327513     
  0.67900000000000049       0.80700852605576612     
  0.68000000000000049       0.80866112208168694     
  0.68100000000000049       0.81031639304708902     
  0.68200000000000049       0.81197434877041397     
  0.68300000000000050       0.81363499911273562     
  0.68400000000000050       0.81529835397800343     
  0.68500000000000050       0.81696442331328789     
  0.68600000000000050       0.81863321710902726     
  0.68700000000000050       0.82030474539927600     
  0.68800000000000050       0.82197901826195541     
  0.68900000000000050       0.82365604581910490     
  0.69000000000000050       0.82533583823713597     
  0.69100000000000050       0.82701840572708762     
  0.69200000000000050       0.82870375854488310     
  0.69300000000000050       0.83039190699158882     
  0.69400000000000051       0.83208286141367505     
  0.69500000000000051       0.83377663220327813     
  0.69600000000000051       0.83547322979846472     
  0.69700000000000051       0.83717266468349760     
  0.69800000000000051       0.83887494738910351     
  0.69900000000000051       0.84058008849274279     
  0.70000000000000051       0.84228809861888077     
  0.70100000000000051       0.84399898843926091     
  0.70200000000000051       0.84571276867318035     
  0.70300000000000051       0.84742945008776660     
  0.70400000000000051       0.84914904349825693     
  0.70500000000000052       0.85087155976827888     
  0.70600000000000052       0.85259700981013342     
  0.70700000000000052       0.85432540458507966     
  0.70800000000000052       0.85605675510362156     
  0.70900000000000052       0.85779107242579666     
  0.71000000000000052       0.85952836766146712     
  0.71100000000000052       0.86126865197061231     
  0.71200000000000052       0.86301193656362363     
  0.71300000000000052       0.86475823270160146     
  0.71400000000000052       0.86650755169665417     
  0.71500000000000052       0.86825990491219895     
  0.71600000000000052       0.87001530376326530     
  0.71700000000000053       0.87177375971680005     
  0.71800000000000053       0.87353528429197469     
  0.71900000000000053       0.87529988906049527     
  0.72000000000000053       0.87706758564691378     
  0.72100000000000053       0.87883838572894246     
  0.72200000000000053       0.88061230103776955     
  0.72300000000000053       0.88238934335837793     
  0.72400000000000053       0.88416952452986575     
  0.72500000000000053       0.88595285644576915     
  0.72600000000000053       0.88773935105438750     
  0.72700000000000053       0.88952902035911108     
  0.72800000000000054       0.89132187641875049     
  0.72900000000000054       0.89311793134786910     
  0.73000000000000054       0.89491719731711761     
  0.73100000000000054       0.89671968655357048     
  0.73200000000000054       0.89852541134106578     
  0.73300000000000054       0.90033438402054666     
  0.73400000000000054       0.90214661699040533     
  0.73500000000000054       0.90396212270682996     
  0.73600000000000054       0.90578091368415370     
  0.73700000000000054       0.90760300249520609     
  0.73800000000000054       0.90942840177166751     
  0.73900000000000055       0.91125712420442562     
  0.74000000000000055       0.91308918254393467     
  0.74100000000000055       0.91492458960057732     
  0.74200000000000055       0.91676335824502908     
  0.74300000000000055       0.91860550140862540     
  0.74400000000000055       0.92045103208373147     
  0.74500000000000055       0.92229996332411457     
  0.74600000000000055       0.92415230824531902     
  0.74700000000000055       0.92600808002504442     
  0.74800000000000055       0.92786729190352579     
  0.74900000000000055       0.92972995718391716     
  0.75000000000000056       0.93159608923267767     
  0.75100000000000056       0.93346570147996066     
  0.75200000000000056       0.93533880742000519     
  0.75300000000000056       0.93721542061153107     
  0.75400000000000056       0.93909555467813610     
  0.75500000000000056       0.94097922330869677     
  0.75600000000000056       0.94286644025777167     
  0.75700000000000056       0.94475721934600765     
  0.75800000000000056       0.94665157446054959     
  0.75900000000000056       0.94854951955545252     
  0.76000000000000056       0.95045106865209705     
  0.76100000000000056       0.95235623583960816     
  0.76200000000000057       0.95426503527527640     
  0.76300000000000057       0.95617748118498302     
  0.76400000000000057       0.95809358786362775     
  0.76500000000000057       0.96001336967555950     
  0.76600000000000057       0.96193684105501132     
  0.76700000000000057       0.96386401650653719     
  0.76800000000000057       0.96579491060545342     
  0.76900000000000057       0.96772953799828221     
  0.77000000000000057       0.96966791340319936     
  0.77100000000000057       0.97161005161048475     
  0.77200000000000057       0.97355596748297657     
  0.77300000000000058       0.97550567595652893     
  0.77400000000000058       0.97745919204047271     
  0.77500000000000058       0.97941653081807978     
  0.77600000000000058       0.98137770744703134     
  0.77700000000000058       0.98334273715988896     
  0.77800000000000058       0.98531163526456988     
  0.77900000000000058       0.98728441714482551     
  0.78000000000000058       0.98926109826072350     
  0.78100000000000058       0.99124169414913377     
  0.78200000000000058       0.99322622042421804     
  0.78300000000000058       0.99521469277792329     
  0.78400000000000059       0.99720712698047842     
  0.78500000000000059       0.99920353888089541     
  0.78600000000000059        1.0012039444074738     
  0.78700000000000059        1.0032083595683094     
  0.78800000000000059        1.0052168004518065     
  0.78900000000000059        1.0072292832271941     
  0.79000000000000059        1.0092458241450462     
  0.79100000000000059        1.0112664395378066     
  0.79200000000000059        1.0132911458203164     
  0.79300000000000059        1.0153199594903470     
  0.79400000000000059        1.0173528971291366     
  0.79500000000000060        1.0193899754019300     
  0.79600000000000060        1.0214312110585242     
  0.79700000000000060        1.0234766209338175     
  0.79800000000000060        1.0255262219483623     
  0.79900000000000060        1.0275800311089227     
  0.80000000000000060        1.0296380655090367     
  0.80100000000000060        1.0317003423295823     
  0.80200000000000060        1.0337668788393484     
  0.80300000000000060        1.0358376923956094     
  0.80400000000000060        1.0379128004447054     
  0.80500000000000060        1.0399922205226260     
  0.80600000000000060        1.0420759702555993     
  0.80700000000000061        1.0441640673606851     
  0.80800000000000061        1.0462565296463728     
  0.80900000000000061        1.0483533750131848     
  0.81000000000000061        1.0504546214542829     
  0.81100000000000061        1.0525602870560813     
  0.81200000000000061        1.0546703899988634     
  0.81300000000000061        1.0567849485574041     
  0.81400000000000061        1.0589039811015963     
  0.81500000000000061        1.0610275060970831     
  0.81600000000000061        1.0631555421058942     
  0.81700000000000061        1.0652881077870884     
  0.81800000000000062        1.0674252218974003     
  0.81900000000000062        1.0695669032918926     
  0.82000000000000062        1.0717131709246135     
  0.82100000000000062        1.0738640438492595     
  0.82200000000000062        1.0760195412198430     
  0.82300000000000062        1.0781796822913661     
  0.82400000000000062        1.0803444864204992     
  0.82500000000000062        1.0825139730662647     
  0.82600000000000062        1.0846881617907274     
  0.82700000000000062        1.0868670722596891     
  0.82800000000000062        1.0890507242433902     
  0.82900000000000063        1.0912391376172152     
  0.83000000000000063        1.0934323323624058     
  0.83100000000000063        1.0956303285667783     
  0.83200000000000063        1.0978331464254483     
  0.83300000000000063        1.1000408062415590     
  0.83400000000000063        1.1022533284270182     
  0.83500000000000063        1.1044707335032391     
  0.83600000000000063        1.1066930421018881     
  0.83700000000000063        1.1089202749656388     
  0.83800000000000063        1.1111524529489321     
  0.83900000000000063        1.1133895970187415     
  0.84000000000000064        1.1156317282553470     
  0.84100000000000064        1.1178788678531122     
  0.84200000000000064        1.1201310371212707     
  0.84300000000000064        1.1223882574847175     
  0.84400000000000064        1.1246505504848070     
  0.84500000000000064        1.1269179377801579     
  0.84600000000000064        1.1291904411474649     
  0.84700000000000064        1.1314680824823160     
  0.84800000000000064        1.1337508838000185     
  0.84900000000000064        1.1360388672364303     
  0.85000000000000064        1.1383320550487988     
  0.85100000000000064        1.1406304696166059     
  0.85200000000000065        1.1429341334424217     
  0.85300000000000065        1.1452430691527640     
  0.85400000000000065        1.1475572994989651     
  0.85500000000000065        1.1498768473580467     
  0.85600000000000065        1.1522017357336010     
  0.85700000000000065        1.1545319877566800     
  0.85800000000000065        1.1568676266866920     
  0.85900000000000065        1.1592086759123057     
  0.86000000000000065        1.1615551589523618     
  0.86100000000000065        1.1639070994567928     
  0.86200000000000065        1.1662645212075498     
  0.86300000000000066        1.1686274481195376     
  0.86400000000000066        1.1709959042415576     
  0.86500000000000066        1.1733699137572593     
  0.86600000000000066        1.1757495009860985     
  0.86700000000000066        1.1781346903843053     
  0.86800000000000066        1.1805255065458593     
  0.86900000000000066        1.1829219742034736     
  0.87000000000000066        1.1853241182295864     
  0.87100000000000066        1.1877319636373627     
  0.87200000000000066        1.1901455355817030     
  0.87300000000000066        1.1925648593602614     
  0.87400000000000067        1.1949899604144723     
  0.87500000000000067        1.1974208643305864     
  0.87600000000000067        1.1998575968407146     
  0.87700000000000067        1.2023001838238823     
  0.87800000000000067        1.2047486513070913     
  0.87900000000000067        1.2072030254663926     
  0.88000000000000067        1.2096633326279669     
  0.88100000000000067        1.2121295992692152     
  0.88200000000000067        1.2146018520198592     
  0.88300000000000067        1.2170801176630510     
  0.88400000000000067        1.2195644231364926     
  0.88500000000000068        1.2220547955335643     
  0.88600000000000068        1.2245512621044645     
  0.88700000000000068        1.2270538502573585     
  0.88800000000000068        1.2295625875595377     
  0.88900000000000068        1.2320775017385885     
  0.89000000000000068        1.2345986206835726     
  0.89100000000000068        1.2371259724462167     
  0.89200000000000068        1.2396595852421126     
  0.89300000000000068        1.2421994874519289     
  0.89400000000000068        1.2447457076226329     
  0.89500000000000068        1.2472982744687231     
  0.89600000000000068        1.2498572168734730     
  0.89700000000000069        1.2524225638901854     
  0.89800000000000069        1.2549943447434591     
  0.89900000000000069        1.2575725888304656     
  0.90000000000000069        1.2601573257222380     
  0.90100000000000069        1.2627485851649711     
  0.90200000000000069        1.2653463970813330     
  0.90300000000000069        1.2679507915717894     
  0.90400000000000069        1.2705617989159379     
  0.90500000000000069        1.2731794495738573     
  0.90600000000000069        1.2758037741874655     
  0.90700000000000069        1.2784348035818929     
  0.90800000000000070        1.2810725687668660     
  0.90900000000000070        1.2837171009381048     
  0.91000000000000070        1.2863684314787320     
  0.91100000000000070        1.2890265919606958     
  0.91200000000000070        1.2916916141462054     
  0.91300000000000070        1.2943635299891789     
  0.91400000000000070        1.2970423716367057     
  0.91500000000000070        1.2997281714305209     
  0.91600000000000070        1.3024209619084943     
  0.91700000000000070        1.3051207758061329     
  0.91800000000000070        1.3078276460580964     
  0.91900000000000071        1.3105416057997272     
  0.92000000000000071        1.3132626883685949     
  0.92100000000000071        1.3159909273060546     
  0.92200000000000071        1.3187263563588190     
  0.92300000000000071        1.3214690094805464     
  0.92400000000000071        1.3242189208334425     
  0.92500000000000071        1.3269761247898773     
  0.92600000000000071        1.3297406559340168     
  0.92700000000000071        1.3325125490634706     
  0.92800000000000071        1.3352918391909543     
  0.92900000000000071        1.3380785615459672     
  0.93000000000000071        1.3408727515764862     
  0.93100000000000072        1.3436744449506757     
  0.93200000000000072        1.3464836775586129     
  0.93300000000000072        1.3493004855140300     
  0.93400000000000072        1.3521249051560726     
  0.93500000000000072        1.3549569730510742     
  0.93600000000000072        1.3577967259943480     
  0.93700000000000072        1.3606442010119957     
  0.93800000000000072        1.3634994353627332     
  0.93900000000000072        1.3663624665397338     
  0.94000000000000072        1.3692333322724886     
  0.94100000000000072        1.3721120705286849     
  0.94200000000000073        1.3749987195161026     
  0.94300000000000073        1.3778933176845285     
  0.94400000000000073        1.3807959037276889     
  0.94500000000000073        1.3837065165852009     
  0.94600000000000073        1.3866251954445428     
  0.94700000000000073        1.3895519797430420     
  0.94800000000000073        1.3924869091698839     
  0.94900000000000073        1.3954300236681392     
  0.95000000000000073        1.3983813634368105     
  0.95100000000000073        1.4013409689328995     
  0.95200000000000073        1.4043088808734936     
  0.95300000000000074        1.4072851402378732     
  0.95400000000000074        1.4102697882696396     
  0.95500000000000074        1.4132628664788622     
  0.95600000000000074        1.4162644166442495     
  0.95700000000000074        1.4192744808153381     
  0.95800000000000074        1.4222931013147053     
  0.95900000000000074        1.4253203207402028     
  0.96000000000000074        1.4283561819672117     
  0.96100000000000074        1.4314007281509209     
  0.96200000000000074        1.4344540027286270     
  0.96300000000000074        1.4375160494220569     
  0.96400000000000075        1.4405869122397144     
  0.96500000000000075        1.4436666354792480     
  0.96600000000000075        1.4467552637298451     
  0.96700000000000075        1.4498528418746470     
  0.96800000000000075        1.4529594150931899     
  0.96900000000000075        1.4560750288638693     
  0.97000000000000075        1.4591997289664298     
  0.97100000000000075        1.4623335614844790     
  0.97200000000000075        1.4654765728080266     
  0.97300000000000075        1.4686288096360496     
  0.97400000000000075        1.4717903189790833     
  0.97500000000000075        1.4749611481618374     
  0.97600000000000076        1.4781413448258396     
  0.97700000000000076        1.4813309569321049     
  0.97800000000000076        1.4845300327638333     
  0.97900000000000076        1.4877386209291330     
  0.98000000000000076        1.4909567703637729     
  0.98100000000000076        1.4941845303339623     
  0.98200000000000076        1.4974219504391588     
  0.98300000000000076        1.5006690806149059     
  0.98400000000000076        1.5039259711356976     
  0.98500000000000076        1.5071926726178744     
  0.98600000000000076        1.5104692360225480     
  0.98700000000000077        1.5137557126585561     
  0.98800000000000077        1.5170521541854480     
  0.98900000000000077        1.5203586126165003     
  0.99000000000000077        1.5236751403217643     
  0.99100000000000077        1.5270017900311450     
  0.99200000000000077        1.5303386148375115     
  0.99300000000000077        1.5336856681998405     
  0.99400000000000077        1.5370430039463912     
  0.99500000000000077        1.5404106762779144     
  0.99600000000000077        1.5437887397708951     
  0.99700000000000077        1.5471772493808285     
  0.99800000000000078        1.5505762604455302     
  0.99900000000000078        1.5539858286884816     
   1.0000000000000007        1.5574060102222098     
   1.0010000000000006        1.5608368615517045     
   1.0020000000000004        1.5642784395778693     
   1.0030000000000003        1.5677308016010101     
   1.0040000000000002        1.5711940053243605     
   1.0050000000000001        1.5746681088576449     
   1.0060000000000000        1.5781531707206786     
   1.0069999999999999        1.5816492498470072     
   1.0079999999999998        1.5851564055875838     
   1.0089999999999997        1.5886746977144861     
   1.0099999999999996        1.5922041864246732     
   1.0109999999999995        1.5957449323437825     
   1.0119999999999993        1.5992969965299675     
   1.0129999999999992        1.6028604404777769     
   1.0139999999999991        1.6064353261220750     
   1.0149999999999990        1.6100217158420054     
   1.0159999999999989        1.6136196724649965     
   1.0169999999999988        1.6172292592708111     
   1.0179999999999987        1.6208505399956394     
   1.0189999999999986        1.6244835788362375     
   1.0199999999999985        1.6281284404541096     
   1.0209999999999984        1.6317851899797371     
   1.0219999999999982        1.6354538930168525     
   1.0229999999999981        1.6391346156467619     
   1.0239999999999980        1.6428274244327137     
   1.0249999999999979        1.6465323864243153     
   1.0259999999999978        1.6502495691619989     
   1.0269999999999977        1.6539790406815367     
   1.0279999999999976        1.6577208695186052     
   1.0289999999999975        1.6614751247134010     
   1.0299999999999974        1.6652418758153069     
   1.0309999999999973        1.6690211928876113     
   1.0319999999999971        1.6728131465122775     
   1.0329999999999970        1.6766178077947695     
   1.0339999999999969        1.6804352483689293     
   1.0349999999999968        1.6842655404019096     
   1.0359999999999967        1.6881087565991619     
   1.0369999999999966        1.6919649702094812     
   1.0379999999999965        1.6958342550301058     
   1.0389999999999964        1.6997166854118764     
   1.0399999999999963        1.7036123362644531     
   1.0409999999999962        1.7075212830615907     
   1.0419999999999960        1.7114436018464747     
   1.0429999999999959        1.7153793692371173     
   1.0439999999999958        1.7193286624318158     
   1.0449999999999957        1.7232915592146720     
   1.0459999999999956        1.7272681379611756     
   1.0469999999999955        1.7312584776438515     
   1.0479999999999954        1.7352626578379715     
   1.0489999999999953        1.7392807587273320     
   1.0499999999999952        1.7433128611100979     
   1.0509999999999950        1.7473590464047144     
   1.0519999999999949        1.7514193966558871     
   1.0529999999999948        1.7554939945406307     
   1.0539999999999947        1.7595829233743896     
   1.0549999999999946        1.7636862671172269     
   1.0559999999999945        1.7678041103800886     
   1.0569999999999944        1.7719365384311390     
   1.0579999999999943        1.7760836372021704     
   1.0589999999999942        1.7802454932950893     
   1.0599999999999941        1.7844221939884761     
   1.0609999999999939        1.7886138272442256     
   1.0619999999999938        1.7928204817142623     
   1.0629999999999937        1.7970422467473375     
   1.0639999999999936        1.8012792123959056     
   1.0649999999999935        1.8055314694230824     
   1.0659999999999934        1.8097991093096861     
   1.0669999999999933        1.8140822242613619     
   1.0679999999999932        1.8183809072157919     
   1.0689999999999931        1.8226952518499915     
   1.0699999999999930        1.8270253525876916     
   1.0709999999999928        1.8313713046068123     
   1.0719999999999927        1.8357332038470233     
   1.0729999999999926        1.8401111470173976     
   1.0739999999999925        1.8445052316041575     
   1.0749999999999924        1.8489155558785122     
   1.0759999999999923        1.8533422189045938     
   1.0769999999999922        1.8577853205474870     
   1.0779999999999921        1.8622449614813577     
   1.0789999999999920        1.8667212431976801     
   1.0799999999999919        1.8712142680135657     
   1.0809999999999917        1.8757241390801931     
   1.0819999999999916        1.8802509603913411     
   1.0829999999999915        1.8847948367920280     
   1.0839999999999914        1.8893558739872565     
   1.0849999999999913        1.8939341785508661     
   1.0859999999999912        1.8985298579344969     
   1.0869999999999911        1.9031430204766622     
   1.0879999999999910        1.9077737754119355     
   1.0889999999999909        1.9124222328802518     
   1.0899999999999908        1.9170885039363237     
   1.0909999999999906        1.9217727005591769     
   1.0919999999999905        1.9264749356618041     
   1.0929999999999904        1.9311953231009400     
   1.0939999999999903        1.9359339776869604     
   1.0949999999999902        1.9406910151939054     
   1.0959999999999901        1.9454665523696288     
   1.0969999999999900        1.9502607069460769     
   1.0979999999999899        1.9550735976496973     
   1.0989999999999898        1.9599053442119800     
   1.0999999999999897        1.9647560673801330     
   1.1009999999999895        1.9696258889278944     
   1.1019999999999894        1.9745149316664823     
   1.1029999999999893        1.9794233194556858     
   1.1039999999999892        1.9843511772150981     
   1.1049999999999891        1.9892986309354945     
   1.1059999999999890        1.9942658076903570     
   1.1069999999999889        1.9992528356475485     
   1.1079999999999888        2.0042598440811377     
   1.1089999999999887        2.0092869633833783     
   1.1099999999999886        2.0143343250768435     
   1.1109999999999884        2.0194020618267197     
   1.1119999999999883        2.0244903074532594     
   1.1129999999999882        2.0295991969443992     
   1.1139999999999881        2.0347288664685426     
   1.1149999999999880        2.0398794533875106     
   1.1159999999999879        2.0450510962696646     
   1.1169999999999878        2.0502439349032007     
   1.1179999999999877        2.0554581103096217     
   1.1189999999999876        2.0606937647573882     
   1.1199999999999875        2.0659510417757505     
   1.1209999999999873        2.0712300861687649     
   1.1219999999999872        2.0765310440294980     
   1.1229999999999871        2.0818540627544211     
   1.1239999999999870        2.0871992910579982     
   1.1249999999999869        2.0925668789874692     
   1.1259999999999868        2.0979569779378346     
   1.1269999999999867        2.1033697406670400     
   1.1279999999999866        2.1088053213113684     
   1.1289999999999865        2.1142638754010421     
   1.1299999999999863        2.1197455598760340     
   1.1309999999999862        2.1252505331020970     
   1.1319999999999861        2.1307789548870133     
   1.1329999999999860        2.1363309864970632     
   1.1339999999999859        2.1419067906737230     
   1.1349999999999858        2.1475065316505915     
   1.1359999999999857        2.1531303751705502     
   1.1369999999999856        2.1587784885031613     
   1.1379999999999855        2.1644510404623070     
   1.1389999999999854        2.1701482014240723     
   1.1399999999999852        2.1758701433448788     
   1.1409999999999851        2.1816170397798706     
   1.1419999999999850        2.1873890659015576     
   1.1429999999999849        2.1931863985187201     
   1.1439999999999848        2.1990092160955808     
   1.1449999999999847        2.2048576987712436     
   1.1459999999999846        2.2107320283794110     
   1.1469999999999845        2.2166323884683763     
   1.1479999999999844        2.2225589643213031     
   1.1489999999999843        2.2285119429767919     
   1.1499999999999841        2.2344915132497403     
   1.1509999999999840        2.2404978657524994     
   1.1519999999999839        2.2465311929163363     
   1.1529999999999838        2.2525916890132032     
   1.1539999999999837        2.2586795501778196     
   1.1549999999999836        2.2647949744300742     
   1.1559999999999835        2.2709381616977491     
   1.1569999999999834        2.2771093138395759     
   1.1579999999999833        2.2833086346686251     
   1.1589999999999832        2.2895363299760358     
   1.1599999999999830        2.2957926075550947     
   1.1609999999999829        2.3020776772256650     
   1.1619999999999828        2.3083917508589744     
   1.1629999999999827        2.3147350424027682     
   1.1639999999999826        2.3211077679068342     
   1.1649999999999825        2.3275101455489025     
   1.1659999999999824        2.3339423956609329     
   1.1669999999999823        2.3404047407557886     
   1.1679999999999822        2.3468974055543104     
   1.1689999999999821        2.3534206170127940     
   1.1699999999999819        2.3599746043508789     
   1.1709999999999818        2.3665595990798556     
   1.1719999999999817        2.3731758350313981     
   1.1729999999999816        2.3798235483867316     
   1.1739999999999815        2.3865029777062392     
   1.1749999999999814        2.3932143639595185     
   1.1759999999999813        2.3999579505558941     
   1.1769999999999812        2.4067339833753971     
   1.1779999999999811        2.4135427108002148     
   1.1789999999999810        2.4203843837466241     
   1.1799999999999808        2.4272592556974146     
   1.1809999999999807        2.4341675827348102     
   1.1819999999999806        2.4411096235738996     
   1.1829999999999805        2.4480856395965840     
   1.1839999999999804        2.4550958948860502     
   1.1849999999999803        2.4621406562617811     
   1.1859999999999802        2.4692201933151123     
   1.1869999999999801        2.4763347784453424     
   1.1879999999999800        2.4834846868964116     
   1.1889999999999799        2.4906701967941558     
   1.1899999999999797        2.4978915891841482     
   1.1909999999999796        2.5051491480701364     
   1.1919999999999795        2.5124431604530924     
   1.1929999999999794        2.5197739163708781     
   1.1939999999999793        2.5271417089385473     
   1.1949999999999792        2.5345468343892863     
   1.1959999999999791        2.5419895921160132     
   1.1969999999999790        2.5494702847136437     
   1.1979999999999789        2.5569892180220370     
   1.1989999999999787        2.5645467011696357     
   1.1999999999999786        2.5721430466178106     
   1.2009999999999785        2.5797785702059253     
   1.2019999999999784        2.5874535911971348     
   1.2029999999999783        2.5951684323249293     
   1.2039999999999782        2.6029234198404421     
   1.2049999999999781        2.6107188835605308     
   1.2059999999999780        2.6185551569166510     
   1.2069999999999779        2.6264325770045343     
   1.2079999999999778        2.6343514846346903     
   1.2089999999999776        2.6423122243837436     
   1.2099999999999775        2.6503151446466271     
   1.2109999999999774        2.6583605976896418     
   1.2119999999999773        2.6664489397044089     
   1.2129999999999772        2.6745805308627215     
   1.2139999999999771        2.6827557353723233     
   1.2149999999999770        2.6909749215336234     
   1.2159999999999769        2.6992384617973744     
   1.2169999999999768        2.7075467328233249     
   1.2179999999999767        2.7159001155398732     
   1.2189999999999765        2.7242989952047347     
   1.2199999999999764        2.7327437614666490     
   1.2209999999999763        2.7412348084281453     
   1.2219999999999762        2.7497725347093871     
   1.2229999999999761        2.7583573435131181     
   1.2239999999999760        2.7669896426907314     
   1.2249999999999759        2.7756698448094870     
   1.2259999999999758        2.7843983672208954     
   1.2269999999999757        2.7931756321302985     
   1.2279999999999756        2.8020020666676650     
   1.2289999999999754        2.8108781029596313     
   1.2299999999999753        2.8198041782028085     
   1.2309999999999752        2.8287807347383844     
   1.2319999999999751        2.8378082201280481     
   1.2329999999999750        2.8468870872312602     
   1.2339999999999749        2.8560177942839022     
   1.2349999999999748        2.8652008049783304     
   1.2359999999999747        2.8744365885448628     
   1.2369999999999746        2.8837256198347334     
   1.2379999999999745        2.8930683794045393     
   1.2389999999999743        2.9024653536022176     
   1.2399999999999742        2.9119170346545791     
   1.2409999999999741        2.9214239207564350     
   1.2419999999999740        2.9309865161613522     
   1.2429999999999739        2.9406053312740665     
   1.2439999999999738        2.9502808827445941     
   1.2449999999999737        2.9600136935640768     
   1.2459999999999736        2.9698042931623960     
   1.2469999999999735        2.9796532175075963     
   1.2479999999999734        2.9895610092071578     
   1.2489999999999732        2.9995282176111551     
   1.2499999999999731        3.0095553989173465     
   1.2509999999999730        3.0196431162782349     
   1.2519999999999729        3.0297919399101430     
   1.2529999999999728        3.0400024472043476     
   1.2539999999999727        3.0502752228403205     
   1.2549999999999726        3.0606108589011174     
   1.2559999999999725        3.0710099549909691     
   1.2569999999999724        3.0814731183551203     
   1.2579999999999723        3.0920009640019654     
   1.2589999999999721        3.1025941148275371     
   1.2599999999999720        3.1132532017423946     
   1.2609999999999719        3.1239788638009731     
   1.2619999999999718        3.1347717483334447     
   1.2629999999999717        3.1456325110801480     
   1.2639999999999716        3.1565618163286495     
   1.2649999999999715        3.1675603370534926     
   1.2659999999999714        3.1786287550586971     
   1.2669999999999713        3.1897677611230733     
   1.2679999999999712        3.2009780551484166     
   1.2689999999999710        3.2122603463106456     
   1.2699999999999709        3.2236153532139578     
   1.2709999999999708        3.2350438040480678     
   1.2719999999999707        3.2465464367486039     
   1.2729999999999706        3.2581239991607363     
   1.2739999999999705        3.2697772492061126     
   1.2749999999999704        3.2815069550531799     
   1.2759999999999703        3.2933138952909724     
   1.2769999999999702        3.3051988591064481     
   1.2779999999999700        3.3171626464654600     
   1.2789999999999699        3.3292060682974478     
   1.2799999999999698        3.3413299466839392     
   1.2809999999999697        3.3535351150509567     
   1.2819999999999696        3.3658224183654171     
   1.2829999999999695        3.3781927133356291     
   1.2839999999999694        3.3906468686159839     
   1.2849999999999693        3.4031857650159418     
   1.2859999999999692        3.4158102957134240     
   1.2869999999999691        3.4285213664727121     
   1.2879999999999689        3.4413198958669740     
   1.2889999999999688        3.4542068155055241     
   1.2899999999999687        3.4671830702659427     
   1.2909999999999686        3.4802496185311700     
   1.2919999999999685        3.4934074324317028     
   1.2929999999999684        3.5066574980930243     
   1.2939999999999683        3.5200008158883924     
   1.2949999999999682        3.5334384006971322     
   1.2959999999999681        3.5469712821685642     
   1.2969999999999680        3.5606005049917178     
   1.2979999999999678        3.5743271291709742     
   1.2989999999999677        3.5881522303077982     
   1.2999999999999676        3.6020768998887061     
   1.3009999999999675        3.6161022455796430     
   1.3019999999999674        3.6302293915269264     
   1.3029999999999673        3.6444594786649338     
   1.3039999999999672        3.6587936650307102     
   1.3049999999999671        3.6732331260856745     
   1.3059999999999670        3.6877790550446172     
   1.3069999999999669        3.7024326632121798     
   1.3079999999999667        3.7171951803270162     
   1.3089999999999666        3.7320678549138400     
   1.3099999999999665        3.7470519546435721     
   1.3109999999999664        3.7621487667018050     
   1.3119999999999663        3.7773595981658077     
   1.3129999999999662        3.7926857763903068     
   1.3139999999999661        3.8081286494022781     
   1.3149999999999660        3.8236895863050000     
   1.3159999999999659        3.8393699776916193     
   1.3169999999999658        3.8551712360684940     
   1.3179999999999656        3.8710947962885838     
   1.3189999999999655        3.8871421159951658     
   1.3199999999999654        3.9033146760761657     
   1.3209999999999653        3.9196139811293995     
   1.3219999999999652        3.9360415599390373     
   1.3229999999999651        3.9525989659635981     
   1.3239999999999650        3.9692877778358127     
   1.3249999999999649        3.9861095998746841     
   1.3259999999999648        4.0030660626100989     
   1.3269999999999647        4.0201588233203482     
   1.3279999999999645        4.0373895665829300     
   1.3289999999999644        4.0547600048390224     
   1.3299999999999643        4.0722718789720123     
   1.3309999999999642        4.0899269589005076     
   1.3319999999999641        4.1077270441862428     
   1.3329999999999640        4.1256739646573228     
   1.3339999999999639        4.1437695810472581     
   1.3349999999999638        4.1620157856502571     
   1.3359999999999637        4.1804145029932647     
   1.3369999999999636        4.1989676905252455     
   1.3379999999999634        4.2176773393242311     
   1.3389999999999633        4.2365454748226652     
   1.3399999999999632        4.2555741575516057     
   1.3409999999999631        4.2747654839043570     
   1.3419999999999630        4.2941215869201228     
   1.3429999999999629        4.3136446370883030     
   1.3439999999999628        4.3333368431740613     
   1.3449999999999627        4.3532004530658304     
   1.3459999999999626        4.3732377546454364     
   1.3469999999999624        4.3934510766815480     
   1.3479999999999623        4.4138427897471857     
   1.3489999999999622        4.4344153071620456     
   1.3499999999999621        4.4551710859604325     
   1.3509999999999620        4.4761126278856080     
   1.3519999999999619        4.4972424804114066     
   1.3529999999999618        4.5185632377919926     
   1.3539999999999617        4.5400775421406676     
   1.3549999999999616        4.5617880845386667     
   1.3559999999999615        4.5836976061749279     
   1.3569999999999613        4.6058088995178421     
   1.3579999999999612        4.6281248095200391     
   1.3589999999999611        4.6506482348573019     
   1.3599999999999610        4.6733821292027358     
   1.3609999999999609        4.6963295025373819     
   1.3619999999999608        4.7194934224984788     
   1.3629999999999607        4.7428770157666582     
   1.3639999999999606        4.7664834694933802     
   1.3649999999999605        4.7903160327699812     
   1.3659999999999604        4.8143780181397560     
   1.3669999999999602        4.8386728031545525     
   1.3679999999999601        4.8632038319774153     
   1.3689999999999600        4.8879746170328735     
   1.3699999999999599        4.9129887407065373     
   1.3709999999999598        4.9382498570957232     
   1.3719999999999597        4.9637616938129172     
   1.3729999999999596        4.9895280538439302     
   1.3739999999999595        5.0155528174627024     
   1.3749999999999594        5.0418399442047788     
   1.3759999999999593        5.0683934749015576     
   1.3769999999999591        5.0952175337775163     
   1.3779999999999590        5.1223163306126951     
   1.3789999999999589        5.1496941629728212     
   1.3799999999999588        5.1773554185095536     
   1.3809999999999587        5.2053045773334361     
   1.3819999999999586        5.2335462144622520     
   1.3829999999999585        5.2620850023475931     
   1.3839999999999584        5.2909257134825740     
   1.3849999999999583        5.3200732230937406     
   1.3859999999999582        5.3495325119203727     
   1.3869999999999580        5.3793086690845007     
   1.3879999999999579        5.4094068950551151     
   1.3889999999999578        5.4398325047101883     
   1.3899999999999577        5.4705909305003022     
   1.3909999999999576        5.5016877257178312     
   1.3919999999999575        5.5331285678758171     
   1.3929999999999574        5.5649192622008510     
   1.3939999999999573        5.5970657452444730     
   1.3949999999999572        5.6295740886178152     
   1.3959999999999571        5.6624505028544156     
   1.3969999999999569        5.6957013414063686     
   1.3979999999999568        5.7293331047792080     
   1.3989999999999567        5.7633524448111810     
   1.3999999999999566        5.7977661691028244     
   1.4009999999999565        5.8325812456030386     
   1.4019999999999564        5.8678048073581506     
   1.4029999999999563        5.9034441574307639     
   1.4039999999999562        5.9395067739955163     
   1.4049999999999561        5.9760003156192143     
   1.4059999999999560        6.0129326267331802     
   1.4069999999999558        6.0503117433060121     
   1.4079999999999557        6.0881458987253865     
   1.4089999999999556        6.1264435298979345     
   1.4099999999999555        6.1652132835766906     
   1.4109999999999554        6.2044640229260750     
   1.4119999999999553        6.2442048343348846     
   1.4129999999999552        6.2844450344882832     
   1.4139999999999551        6.3251941777103600     
   1.4149999999999550        6.3664620635894060     
   1.4159999999999549        6.4082587448986894     
   1.4169999999999547        6.4505945358261778     
   1.4179999999999546        6.4934800205273584     
   1.4189999999999545        6.5369260620160485     
   1.4199999999999544        6.5809438114088872     
   1.4209999999999543        6.6255447175400279     
   1.4219999999999542        6.6707405369634420     
   1.4229999999999541        6.7165433443611944     
   1.4239999999999540        6.7629655433770344     
   1.4249999999999539        6.8100198778957246     
   1.4259999999999537        6.8577194437896498     
   1.4269999999999536        6.9060777011554420     
   1.4279999999999535        6.9551084870646447     
   1.4289999999999534        7.0048260288537749     
   1.4299999999999533        7.0552449579806007     
   1.4309999999999532        7.1063803244749799     
   1.4319999999999531        7.1582476120142253     
   1.4329999999999530        7.2108627536547285     
   1.4339999999999529        7.2642421482534019     
   1.4349999999999528        7.3184026776144897     
   1.4359999999999526        7.3733617243994116     
   1.4369999999999525        7.4291371908395352     
   1.4379999999999524        7.4857475182942004     
   1.4389999999999523        7.5432117076988661     
   1.4399999999999522        7.6015493409510038     
   1.4409999999999521        7.6607806032842989     
   1.4419999999999520        7.7209263066848486     
   1.4429999999999519        7.7820079144064174     
   1.4439999999999518        7.8440475666454033     
   1.4449999999999517        7.9070681074400238     
   1.4459999999999515        7.9710931128623637     
   1.4469999999999514        8.0361469205763694     
   1.4479999999999513        8.1022546608396198     
   1.4489999999999512        8.1694422890318208     
   1.4499999999999511        8.2377366197984703     
   1.4509999999999510        8.3071653629040227     
   1.4519999999999509        8.3777571608952570     
   1.4529999999999508        8.4495416286823684     
   1.4539999999999507        8.5225493951526783     
   1.4549999999999506        8.5968121469397740     
   1.4559999999999504        8.6723626744794764     
   1.4569999999999503        8.7492349204932260     
   1.4579999999999502        8.8274640310494714     
   1.4589999999999501        8.9070864093644175     
   1.4599999999999500        8.9881397725151118     
   1.4609999999999499        9.0706632112504586     
   1.4619999999999498        9.1546972530994051     
   1.4629999999999497        9.2402839289902943     
   1.4639999999999496        9.3274668436114094     
   1.4649999999999495        9.4162912497601443     
   1.4659999999999493        9.5068041269470687     
   1.4669999999999492        9.5990542645417047     
   1.4679999999999491        9.6930923497691239     
   1.4689999999999490        9.7889710608907414     
   1.4699999999999489        9.8867451659291614     
   1.4709999999999488        9.9864716273257166     
   1.4719999999999487        10.088209712950816     
   1.4729999999999486        10.192021113921571     
   1.4739999999999485        10.297970069718673     
   1.4749999999999484        10.406123501135587     
   1.4759999999999482        10.516551151638062     
   1.4769999999999481        10.629325737761228     
   1.4779999999999480        10.744523109225586     
   1.4789999999999479        10.862222419512539     
   1.4799999999999478        10.982506307705306     
   1.4809999999999477        11.105461092472813     
   1.4819999999999476        11.231176979153162     
   1.4829999999999475        11.359748280980346     
   1.4839999999999474        11.491273655594053     
   1.4849999999999473        11.625856358078524     
   1.4859999999999471        11.763604511893950     
   1.4869999999999470        11.904631399193907     
   1.4879999999999469        12.049055772166509     
   1.4889999999999468        12.197002187197025     
   1.4899999999999467        12.348601363827486     
   1.4909999999999466        12.503990570686721     
   1.4919999999999465        12.663314040784693     
   1.4929999999999464        12.826723418810934     
   1.4939999999999463        12.994378243351582     
   1.4949999999999461        13.166446467246820     
   1.4959999999999460        13.343105019654748     
   1.4969999999999459        13.524540413773865     
   1.4979999999999458        13.710949404610160     
   1.4989999999999457        13.902539701663015     
   1.4999999999999456        14.099530741954164     
   1.5009999999999455        14.302154529444994     
   1.5019999999999454        14.510656547589528     
   1.5029999999999453        14.725296752565580     
   1.5039999999999452        14.946350655628731     
   1.5049999999999450        15.174110504059136     
   1.5059999999999449        15.408886571338687     
   1.5069999999999448        15.651008568528086     
   1.5079999999999447        15.900827190335969     
   1.5089999999999446        16.158715811116171     
   1.5099999999999445        16.425072348030888     
   1.5109999999999444        16.700321310919954     
   1.5119999999999443        16.984916061070539     
   1.5129999999999442        17.279341304148382     
   1.5139999999999441        17.584115846103252     
   1.5149999999999439        17.899795644984788     
   1.5159999999999438        18.226977196404064     
   1.5169999999999437        18.566301295976501     
   1.5179999999999436        18.918457228634665     
   1.5189999999999435        19.284187442388138     
   1.5199999999999434        19.664292773155392     
   1.5209999999999433        20.059638297971361     
   1.5219999999999432        20.471159906517585     
   1.5229999999999431        20.899871695939176     
   1.5239999999999430        21.346874311810158     
   1.5249999999999428        21.813364379512880     
   1.5259999999999427        22.300645195988359     
   1.5269999999999426        22.810138882767969     
   1.5279999999999425        23.343400238638228     
   1.5289999999999424        23.902132575765634     
   1.5299999999999423        24.488205878579233     
   1.5309999999999422        25.103677692676069     
   1.5319999999999421        25.750817234685929     
   1.5329999999999420        26.432133317543013     
   1.5339999999999419        27.150406814329227     
   1.5349999999999417        27.908728544783088     
   1.5359999999999416        28.710543670918167     
   1.5369999999999415        29.559703944153682     
   1.5379999999999414        30.460529472177388     
   1.5389999999999413        31.417882091272229     
   1.5399999999999412        32.437252968622907     
   1.5409999999999411        33.524867759594947     
   1.5419999999999410        34.687813562884052     
   1.5429999999999409        35.934193129377441     
   1.5439999999999408        37.273313397736871     
   1.5449999999999406        38.715917606408119     
   1.5459999999999405        40.274473191480638     
   1.5469999999999404        41.963531748250404     
   1.5479999999999403        43.800182992479549     
   1.5489999999999402        45.804632625884857     
   1.5499999999999401        48.000945386010059     
