   0.0000000000000000        0.0000000000000000     
   1.0000000000000000E-003   1.0000003333334668E-003
   2.0000000000000000E-003   2.0000026666709336E-003
   3.0000000000000001E-003   3.0000090000324004E-003
   4.0000000000000001E-003   4.0000213334698675E-003
   5.0000000000000001E-003   5.0000416670833376E-003
   6.0000000000000001E-003   6.0000720010368151E-003
   7.0000000000000001E-003   7.0001143355743114E-003
   8.0000000000000002E-003   8.0001706710358458E-003
   9.0000000000000011E-003   9.0002430078734586E-003
   1.0000000000000002E-002   1.0000333346667209E-002
   1.1000000000000003E-002   1.1000443688141189E-002
   1.2000000000000004E-002   1.2000576033179538E-002
   1.3000000000000005E-002   1.3000732382842458E-002
   1.4000000000000005E-002   1.4000914738382228E-002
   1.5000000000000006E-002   1.5001125101259229E-002
   1.6000000000000007E-002   1.6001365473157961E-002
   1.7000000000000008E-002   1.7001637856003088E-002
   1.8000000000000009E-002   1.8001944251975453E-002
   1.9000000000000010E-002   1.9002286663528125E-002
   2.0000000000000011E-002   2.0002667093402433E-002
   2.1000000000000012E-002   2.1003087544644031E-002
   2.2000000000000013E-002   2.2003550020618923E-002
   2.3000000000000013E-002   2.3004056525029539E-002
   2.4000000000000014E-002   2.4004609061930797E-002
   2.5000000000000015E-002   2.5005209635746161E-002
   2.6000000000000016E-002   2.6005860251283732E-002
   2.7000000000000017E-002   2.7006562913752311E-002
   2.8000000000000018E-002   2.8007319628777505E-002
   2.9000000000000019E-002   2.9008132402417817E-002
   3.0000000000000020E-002   3.0009003241180734E-002
   3.1000000000000021E-002   3.1009934152038874E-002
   3.2000000000000021E-002   3.2010927142446056E-002
   3.3000000000000022E-002   3.3011984220353480E-002
   3.4000000000000023E-002   3.4013107394225812E-002
   3.5000000000000024E-002   3.5014298673057359E-002
   3.6000000000000025E-002   3.6015560066388223E-002
   3.7000000000000026E-002   3.7016893584320441E-002
   3.8000000000000027E-002   3.8018301237534184E-002
   3.9000000000000028E-002   3.9019785037303911E-002
   4.0000000000000029E-002   4.0021346995514594E-002
   4.1000000000000029E-002   4.1022989124677875E-002
   4.2000000000000030E-002   4.2024713437948336E-002
   4.3000000000000031E-002   4.3026521949139675E-002
   4.4000000000000032E-002   4.4028416672740961E-002
   4.5000000000000033E-002   4.5030399623932883E-002
   4.6000000000000034E-002   4.6032472818604002E-002
   4.7000000000000035E-002   4.7034638273367027E-002
   4.8000000000000036E-002   4.8036898005575097E-002
   4.9000000000000037E-002   4.9039254033338066E-002
   5.0000000000000037E-002   5.0041708375538826E-002
   5.1000000000000038E-002   5.1044263051849628E-002
   5.2000000000000039E-002   5.2046920082748402E-002
   5.3000000000000040E-002   5.3049681489535129E-002
   5.4000000000000041E-002   5.4052549294348183E-002
   5.5000000000000042E-002   5.5055525520180719E-002
   5.6000000000000043E-002   5.6058612190897070E-002
   5.7000000000000044E-002   5.7061811331249136E-002
   5.8000000000000045E-002   5.8065124966892825E-002
   5.9000000000000045E-002   5.9068555124404475E-002
   6.0000000000000046E-002   6.0072103831297331E-002
   6.1000000000000047E-002   6.1075773116037992E-002
   6.2000000000000048E-002   6.2079565008062887E-002
   6.3000000000000042E-002   6.3083481537794805E-002
   6.4000000000000043E-002   6.4087524736659421E-002
   6.5000000000000044E-002   6.5091696637101792E-002
   6.6000000000000045E-002   6.6095999272602943E-002
   6.7000000000000046E-002   6.7100434677696413E-002
   6.8000000000000047E-002   6.8105004887984877E-002
   6.9000000000000047E-002   6.9109711940156748E-002
   7.0000000000000048E-002   7.0114557872002756E-002
   7.1000000000000049E-002   7.1119544722432676E-002
   7.2000000000000050E-002   7.2124674531491906E-002
   7.3000000000000051E-002   7.3129949340378211E-002
   7.4000000000000052E-002   7.4135371191458410E-002
   7.5000000000000053E-002   7.5140942128285093E-002
   7.6000000000000054E-002   7.6146664195613389E-002
   7.7000000000000055E-002   7.7152539439417703E-002
   7.8000000000000055E-002   7.8158569906908476E-002
   7.9000000000000056E-002   7.9164757646549094E-002
   8.0000000000000057E-002   8.0171104708072621E-002
   8.1000000000000058E-002   8.1177613142498647E-002
   8.2000000000000059E-002   8.2184285002150262E-002
   8.3000000000000060E-002   8.3191122340670817E-002
   8.4000000000000061E-002   8.4198127213040971E-002
   8.5000000000000062E-002   8.5205301675595521E-002
   8.6000000000000063E-002   8.6212647786040444E-002
   8.7000000000000063E-002   8.7220167603469845E-002
   8.8000000000000064E-002   8.8227863188382979E-002
   8.9000000000000065E-002   8.9235736602701302E-002
   9.0000000000000066E-002   9.0243789909785516E-002
   9.1000000000000067E-002   9.1252025174452647E-002
   9.2000000000000068E-002   9.2260444462993182E-002
   9.3000000000000069E-002   9.3269049843188165E-002
   9.4000000000000070E-002   9.4277843384326432E-002
   9.5000000000000070E-002   9.5286827157221685E-002
   9.6000000000000071E-002   9.6296003234229849E-002
   9.7000000000000072E-002   9.7305373689266186E-002
   9.8000000000000073E-002   9.8314940597822614E-002
   9.9000000000000074E-002   9.9324706036985039E-002
  0.10000000000000007       0.10033467208545062     
  0.10100000000000008       0.10134484082354514     
  0.10200000000000008       0.10235521433324039     
  0.10300000000000008       0.10336579469817160     
  0.10400000000000008       0.10437658400365481     
  0.10500000000000008       0.10538758433670441     
  0.10600000000000008       0.10639879778605058     
  0.10700000000000008       0.10741022644215686     
  0.10800000000000008       0.10842187239723768     
  0.10900000000000008       0.10943373774527591     
  0.11000000000000008       0.11044582458204059     
  0.11100000000000008       0.11145813500510443     
  0.11200000000000009       0.11247067111386162     
  0.11300000000000009       0.11348343500954544     
  0.11400000000000009       0.11449642879524606     
  0.11500000000000009       0.11550965457592834     
  0.11600000000000009       0.11652311445844953     
  0.11700000000000009       0.11753681055157723     
  0.11800000000000009       0.11855074496600720     
  0.11900000000000009       0.11956491981438130     
  0.12000000000000009       0.12057933721130541     
  0.12100000000000009       0.12159399927336736     
  0.12200000000000009       0.12260890811915509     
  0.12300000000000010       0.12362406586927452     
  0.12400000000000010       0.12463947464636772     
  0.12500000000000008       0.12565513657513105     
  0.12600000000000008       0.12667105378233329     
  0.12700000000000009       0.12768722839683375     
  0.12800000000000009       0.12870366254960064     
  0.12900000000000009       0.12972035837372922     
  0.13000000000000009       0.13073731800446015     
  0.13100000000000009       0.13175454357919780     
  0.13200000000000009       0.13277203723752867     
  0.13300000000000009       0.13378980112123981     
  0.13400000000000009       0.13480783737433716     
  0.13500000000000009       0.13582614814306415     
  0.13600000000000009       0.13684473557592025     
  0.13700000000000009       0.13786360182367946     
  0.13800000000000009       0.13888274903940898     
  0.13900000000000010       0.13990217937848778     
  0.14000000000000010       0.14092189499862548     
  0.14100000000000010       0.14194189805988083     
  0.14200000000000010       0.14296219072468067     
  0.14300000000000010       0.14398277515783867     
  0.14400000000000010       0.14500365352657427     
  0.14500000000000010       0.14602482800053146     
  0.14600000000000010       0.14704630075179778     
  0.14700000000000010       0.14806807395492338     
  0.14800000000000010       0.14909014978693996     
  0.14900000000000010       0.15011253042737985     
  0.15000000000000011       0.15113521805829519     
  0.15100000000000011       0.15215821486427702     
  0.15200000000000011       0.15318152303247456     
  0.15300000000000011       0.15420514475261449     
  0.15400000000000011       0.15522908221702009     
  0.15500000000000011       0.15625333762063076     
  0.15600000000000011       0.15727791316102138     
  0.15700000000000011       0.15830281103842170     
  0.15800000000000011       0.15932803345573579     
  0.15900000000000011       0.16035358261856172     
  0.16000000000000011       0.16137946073521106     
  0.16100000000000012       0.16240567001672848     
  0.16200000000000012       0.16343221267691152     
  0.16300000000000012       0.16445909093233019     
  0.16400000000000012       0.16548630700234693     
  0.16500000000000012       0.16651386310913627     
  0.16600000000000012       0.16754176147770486     
  0.16700000000000012       0.16857000433591124     
  0.16800000000000012       0.16959859391448598     
  0.16900000000000012       0.17062753244705164     
  0.17000000000000012       0.17165682217014283     
  0.17100000000000012       0.17268646532322643     
  0.17200000000000013       0.17371646414872169     
  0.17300000000000013       0.17474682089202054     
  0.17400000000000013       0.17577753780150790     
  0.17500000000000013       0.17680861712858198     
  0.17600000000000013       0.17784006112767473     
  0.17700000000000013       0.17887187205627222     
  0.17800000000000013       0.17990405217493535     
  0.17900000000000013       0.18093660374732012     
  0.18000000000000013       0.18196952904019861     
  0.18100000000000013       0.18300283032347939     
  0.18200000000000013       0.18403650987022838     
  0.18300000000000013       0.18507056995668961     
  0.18400000000000014       0.18610501286230616     
  0.18500000000000014       0.18713984086974098     
  0.18600000000000014       0.18817505626489786     
  0.18700000000000014       0.18921066133694259     
  0.18800000000000014       0.19024665837832386     
  0.18900000000000014       0.19128304968479459     
  0.19000000000000014       0.19231983755543305     
  0.19100000000000014       0.19335702429266416     
  0.19200000000000014       0.19439461220228080     
  0.19300000000000014       0.19543260359346518     
  0.19400000000000014       0.19647100077881041     
  0.19500000000000015       0.19750980607434193     
  0.19600000000000015       0.19854902179953907     
  0.19700000000000015       0.19958865027735678     
  0.19800000000000015       0.20062869383424728     
  0.19900000000000015       0.20166915480018183     
  0.20000000000000015       0.20271003550867264     
  0.20100000000000015       0.20375133829679468     
  0.20200000000000015       0.20479306550520771     
  0.20300000000000015       0.20583521947817826     
  0.20400000000000015       0.20687780256360180     
  0.20500000000000015       0.20792081711302493     
  0.20600000000000016       0.20896426548166744     
  0.20700000000000016       0.21000815002844483     
  0.20800000000000016       0.21105247311599057     
  0.20900000000000016       0.21209723711067854     
  0.21000000000000016       0.21314244438264557     
  0.21100000000000016       0.21418809730581398     
  0.21200000000000016       0.21523419825791434     
  0.21300000000000016       0.21628074962050800     
  0.21400000000000016       0.21732775377901009     
  0.21500000000000016       0.21837521312271219     
  0.21600000000000016       0.21942313004480543     
  0.21700000000000016       0.22047150694240344     
  0.21800000000000017       0.22152034621656533     
  0.21900000000000017       0.22256965027231898     
  0.22000000000000017       0.22361942151868427     
  0.22100000000000017       0.22466966236869626     
  0.22200000000000017       0.22572037523942870     
  0.22300000000000017       0.22677156255201736     
  0.22400000000000017       0.22782322673168370     
  0.22500000000000017       0.22887537020775836     
  0.22600000000000017       0.22992799541370487     
  0.22700000000000017       0.23098110478714351     
  0.22800000000000017       0.23203470076987498     
  0.22900000000000018       0.23308878580790443     
  0.23000000000000018       0.23414336235146546     
  0.23100000000000018       0.23519843285504413     
  0.23200000000000018       0.23625399977740316     
  0.23300000000000018       0.23731006558160622     
  0.23400000000000018       0.23836663273504211     
  0.23500000000000018       0.23942370370944932     
  0.23600000000000018       0.24048128098094035     
  0.23700000000000018       0.24153936703002643     
  0.23800000000000018       0.24259796434164208     
  0.23900000000000018       0.24365707540516984     
  0.24000000000000019       0.24471670271446516     
  0.24100000000000019       0.24577684876788125     
  0.24200000000000019       0.24683751606829399     
  0.24300000000000019       0.24789870712312717     
  0.24400000000000019       0.24896042444437758     
  0.24500000000000019       0.25002267054864014     
  0.24600000000000019       0.25108544795713345     
  0.24700000000000019       0.25214875919572505     
  0.24800000000000019       0.25321260679495700     
  0.24900000000000019       0.25427699329007147     
  0.25000000000000017       0.25534192122103644     
  0.25100000000000017       0.25640739313257155     
  0.25200000000000017       0.25747341157417369     
  0.25300000000000017       0.25853997910014348     
  0.25400000000000017       0.25960709826961076     
  0.25500000000000017       0.26067477164656117     
  0.25600000000000017       0.26174300179986215     
  0.25700000000000017       0.26281179130328947     
  0.25800000000000017       0.26388114273555346     
  0.25900000000000017       0.26495105868032570     
  0.26000000000000018       0.26602154172626558     
  0.26100000000000018       0.26709259446704697     
  0.26200000000000018       0.26816421950138519     
  0.26300000000000018       0.26923641943306381     
  0.26400000000000018       0.27030919687096167     
  0.26500000000000018       0.27138255442908005     
  0.26600000000000018       0.27245649472656985     
  0.26700000000000018       0.27353102038775895     
  0.26800000000000018       0.27460613404217948     
  0.26900000000000018       0.27568183832459559     
  0.27000000000000018       0.27675813587503079     
  0.27100000000000019       0.27783502933879589     
  0.27200000000000019       0.27891252136651673     
  0.27300000000000019       0.27999061461416214     
  0.27400000000000019       0.28106931174307204     
  0.27500000000000019       0.28214861541998532     
  0.27600000000000019       0.28322852831706841     
  0.27700000000000019       0.28430905311194343     
  0.27800000000000019       0.28539019248771691     
  0.27900000000000019       0.28647194913300789     
  0.28000000000000019       0.28755432574197703     
  0.28100000000000019       0.28863732501435529     
  0.28200000000000019       0.28972094965547268     
  0.28300000000000020       0.29080520237628749     
  0.28400000000000020       0.29189008589341525     
  0.28500000000000020       0.29297560292915792     
  0.28600000000000020       0.29406175621153352     
  0.28700000000000020       0.29514854847430527     
  0.28800000000000020       0.29623598245701133     
  0.28900000000000020       0.29732406090499447     
  0.29000000000000020       0.29841278656943188     
  0.29100000000000020       0.29950216220736497     
  0.29200000000000020       0.30059219058172965     
  0.29300000000000020       0.30168287446138631     
  0.29400000000000021       0.30277421662115012     
  0.29500000000000021       0.30386621984182149     
  0.29600000000000021       0.30495888691021644     
  0.29700000000000021       0.30605222061919746     
  0.29800000000000021       0.30714622376770412     
  0.29900000000000021       0.30824089916078390     
  0.30000000000000021       0.30933624960962347     
  0.30100000000000021       0.31043227793157940     
  0.30200000000000021       0.31152898695020975     
  0.30300000000000021       0.31262637949530536     
  0.30400000000000021       0.31372445840292135     
  0.30500000000000022       0.31482322651540862     
  0.30600000000000022       0.31592268668144585     
  0.30700000000000022       0.31702284175607121     
  0.30800000000000022       0.31812369460071444     
  0.30900000000000022       0.31922524808322900     
  0.31000000000000022       0.32032750507792440     
  0.31100000000000022       0.32143046846559853     
  0.31200000000000022       0.32253414113357015     
  0.31300000000000022       0.32363852597571174     
  0.31400000000000022       0.32474362589248229     
  0.31500000000000022       0.32584944379095998     
  0.31600000000000023       0.32695598258487568     
  0.31700000000000023       0.32806324519464586     
  0.31800000000000023       0.32917123454740599     
  0.31900000000000023       0.33027995357704426     
  0.32000000000000023       0.33138940522423488     
  0.32100000000000023       0.33249959243647215     
  0.32200000000000023       0.33361051816810416     
  0.32300000000000023       0.33472218538036702     
  0.32400000000000023       0.33583459704141899     
  0.32500000000000023       0.33694775612637473     
  0.32600000000000023       0.33806166561734002     
  0.32700000000000023       0.33917632850344620     
  0.32800000000000024       0.34029174778088500     
  0.32900000000000024       0.34140792645294349     
  0.33000000000000024       0.34252486753003919     
  0.33100000000000024       0.34364257402975529     
  0.33200000000000024       0.34476104897687593     
  0.33300000000000024       0.34588029540342180     
  0.33400000000000024       0.34700031634868589     
  0.33500000000000024       0.34812111485926928     
  0.33600000000000024       0.34924269398911695     
  0.33700000000000024       0.35036505679955421     
  0.33800000000000024       0.35148820635932287     
  0.33900000000000025       0.35261214574461769     
  0.34000000000000025       0.35373687803912285     
  0.34100000000000025       0.35486240633404903     
  0.34200000000000025       0.35598873372817008     
  0.34300000000000025       0.35711586332786033     
  0.34400000000000025       0.35824379824713154     
  0.34500000000000025       0.35937254160767063     
  0.34600000000000025       0.36050209653887699     
  0.34700000000000025       0.36163246617790057     
  0.34800000000000025       0.36276365366967939     
  0.34900000000000025       0.36389566216697777     
  0.35000000000000026       0.36502849483042482     
  0.35100000000000026       0.36616215482855247     
  0.35200000000000026       0.36729664533783418     
  0.35300000000000026       0.36843196954272389     
  0.35400000000000026       0.36956813063569460     
  0.35500000000000026       0.37070513181727777     
  0.35600000000000026       0.37184297629610247     
  0.35700000000000026       0.37298166728893478     
  0.35800000000000026       0.37412120802071741     
  0.35900000000000026       0.37526160172460971     
  0.36000000000000026       0.37640285164202725     
  0.36100000000000027       0.37754496102268242     
  0.36200000000000027       0.37868793312462445     
  0.36300000000000027       0.37983177121428002     
  0.36400000000000027       0.38097647856649408     
  0.36500000000000027       0.38212205846457048     
  0.36600000000000027       0.38326851420031327     
  0.36700000000000027       0.38441584907406795     
  0.36800000000000027       0.38556406639476271     
  0.36900000000000027       0.38671316947995016     
  0.37000000000000027       0.38786316165584939     
  0.37100000000000027       0.38901404625738750     
  0.37200000000000027       0.39016582662824234     
  0.37300000000000028       0.39131850612088442     
  0.37400000000000028       0.39247208809661993     
  0.37500000000000028       0.39362657592563310     
  0.37600000000000028       0.39478197298702949     
  0.37700000000000028       0.39593828266887920     
  0.37800000000000028       0.39709550836826002     
  0.37900000000000028       0.39825365349130104     
  0.38000000000000028       0.39941272145322670     
  0.38100000000000028       0.40057271567840047     
  0.38200000000000028       0.40173363960036923     
  0.38300000000000028       0.40289549666190755     
  0.38400000000000029       0.40405829031506230     
  0.38500000000000029       0.40522202402119756     
  0.38600000000000029       0.40638670125103959     
  0.38700000000000029       0.40755232548472198     
  0.38800000000000029       0.40871890021183110     
  0.38900000000000029       0.40988642893145200     
  0.39000000000000029       0.41105491515221393     
  0.39100000000000029       0.41222436239233651     
  0.39200000000000029       0.41339477417967635     
  0.39300000000000029       0.41456615405177311     
  0.39400000000000029       0.41573850555589653     
  0.39500000000000030       0.41691183224909323     
  0.39600000000000030       0.41808613769823416     
  0.39700000000000030       0.41926142548006157     
  0.39800000000000030       0.42043769918123713     
  0.39900000000000030       0.42161496239838936     
  0.40000000000000030       0.42279321873816211     
  0.40100000000000030       0.42397247181726250     
  0.40200000000000030       0.42515272526250975     
  0.40300000000000030       0.42633398271088380     
  0.40400000000000030       0.42751624780957448     
  0.40500000000000030       0.42869952421603053     
  0.40600000000000031       0.42988381559800942     
  0.40700000000000031       0.43106912563362665     
  0.40800000000000031       0.43225545801140614     
  0.40900000000000031       0.43344281643033017     
  0.41000000000000031       0.43463120459988985     
  0.41100000000000031       0.43582062624013601     
  0.41200000000000031       0.43701108508172981     
  0.41300000000000031       0.43820258486599439     
  0.41400000000000031       0.43939512934496572     
  0.41500000000000031       0.44058872228144486     
  0.41600000000000031       0.44178336744904950     
  0.41700000000000031       0.44297906863226638     
  0.41800000000000032       0.44417582962650365     
  0.41900000000000032       0.44537365423814357     
  0.42000000000000032       0.44657254628459547     
  0.42100000000000032       0.44777250959434906     
  0.42200000000000032       0.44897354800702782     
  0.42300000000000032       0.45017566537344278     
  0.42400000000000032       0.45137886555564655     
  0.42500000000000032       0.45258315242698766     
  0.42600000000000032       0.45378852987216489     
  0.42700000000000032       0.45499500178728247     
  0.42800000000000032       0.45620257207990478     
  0.42900000000000033       0.45741124466911198     
  0.43000000000000033       0.45862102348555561     
  0.43100000000000033       0.45983191247151428     
  0.43200000000000033       0.46104391558095026     
  0.43300000000000033       0.46225703677956576     
  0.43400000000000033       0.46347128004485949     
  0.43500000000000033       0.46468664936618415     
  0.43600000000000033       0.46590314874480332     
  0.43700000000000033       0.46712078219394948     
  0.43800000000000033       0.46833955373888153     
  0.43900000000000033       0.46955946741694338     
  0.44000000000000034       0.47078052727762215     
  0.44100000000000034       0.47200273738260701     
  0.44200000000000034       0.47322610180584840     
  0.44300000000000034       0.47445062463361742     
  0.44400000000000034       0.47567630996456534     
  0.44500000000000034       0.47690316190978371     
  0.44600000000000034       0.47813118459286463     
  0.44700000000000034       0.47936038214996141     
  0.44800000000000034       0.48059075872984947     
  0.44900000000000034       0.48182231849398743     
  0.45000000000000034       0.48305506561657879     
  0.45100000000000035       0.48428900428463384     
  0.45200000000000035       0.48552413869803152     
  0.45300000000000035       0.48676047306958237     
  0.45400000000000035       0.48799801162509093     
  0.45500000000000035       0.48923675860341898     
  0.45600000000000035       0.49047671825654915     
  0.45700000000000035       0.49171789484964856     
  0.45800000000000035       0.49296029266113300     
  0.45900000000000035       0.49420391598273128     
  0.46000000000000035       0.49544876911955005     
  0.46100000000000035       0.49669485639013899     
  0.46200000000000035       0.49794218212655622     
  0.46300000000000036       0.49919075067443403     
  0.46400000000000036       0.50044056639304491     
  0.46500000000000036       0.50169163365536851     
  0.46600000000000036       0.50294395684815785     
  0.46700000000000036       0.50419754037200692     
  0.46800000000000036       0.50545238864141784     
  0.46900000000000036       0.50670850608486917     
  0.47000000000000036       0.50796589714488394     
  0.47100000000000036       0.50922456627809798     
  0.47200000000000036       0.51048451795532945     
  0.47300000000000036       0.51174575666164746     
  0.47400000000000037       0.51300828689644240     
  0.47500000000000037       0.51427211317349564     
  0.47600000000000037       0.51553724002104984     
  0.47700000000000037       0.51680367198188015     
  0.47800000000000037       0.51807141361336495     
  0.47900000000000037       0.51934046948755763     
  0.48000000000000037       0.52061084419125847     
  0.48100000000000037       0.52188254232608700     
  0.48200000000000037       0.52315556850855438     
  0.48300000000000037       0.52442992737013694     
  0.48400000000000037       0.52570562355734929     
  0.48500000000000038       0.52698266173181829     
  0.48600000000000038       0.52826104657035755     
  0.48700000000000038       0.52954078276504146     
  0.48800000000000038       0.53082187502328082     
  0.48900000000000038       0.53210432806789820     
  0.49000000000000038       0.53338814663720358     
  0.49100000000000038       0.53467333548507057     
  0.49200000000000038       0.53595989938101352     
  0.49300000000000038       0.53724784311026419     
  0.49400000000000038       0.53853717147384939     
  0.49500000000000038       0.53982788928866887     
  0.49600000000000039       0.54112000138757388     
  0.49700000000000039       0.54241351261944559     
  0.49800000000000039       0.54370842784927453     
  0.49900000000000039       0.54500475195824016     
  0.50000000000000033       0.54630248984379093     
  0.50100000000000033       0.54760164641972486     
  0.50200000000000033       0.54890222661627008     
  0.50300000000000034       0.55020423538016694     
  0.50400000000000034       0.55150767767474906     
  0.50500000000000034       0.55281255848002608     
  0.50600000000000034       0.55411888279276633     
  0.50700000000000034       0.55542665562657978     
  0.50800000000000034       0.55673588201200186     
  0.50900000000000034       0.55804656699657751     
  0.51000000000000034       0.55935871564494566     
  0.51100000000000034       0.56067233303892450     
  0.51200000000000034       0.56198742427759651     
  0.51300000000000034       0.56330399447739488     
  0.51400000000000035       0.56462204877218969     
  0.51500000000000035       0.56594159231337504     
  0.51600000000000035       0.56726263026995583     
  0.51700000000000035       0.56858516782863666     
  0.51800000000000035       0.56990921019390939     
  0.51900000000000035       0.57123476258814210     
  0.52000000000000035       0.57256183025166885     
  0.52100000000000035       0.57389041844287925     
  0.52200000000000035       0.57522053243830851     
  0.52300000000000035       0.57655217753272903     
  0.52400000000000035       0.57788535903924132     
  0.52500000000000036       0.57922008228936561     
  0.52600000000000036       0.58055635263313488     
  0.52700000000000036       0.58189417543918731     
  0.52800000000000036       0.58323355609485983     
  0.52900000000000036       0.58457450000628219     
  0.53000000000000036       0.58591701259847129     
  0.53100000000000036       0.58726109931542647     
  0.53200000000000036       0.58860676562022451     
  0.53300000000000036       0.58995401699511651     
  0.53400000000000036       0.59130285894162382     
  0.53500000000000036       0.59265329698063574     
  0.53600000000000037       0.59400533665250688     
  0.53700000000000037       0.59535898351715566     
  0.53800000000000037       0.59671424315416344     
  0.53900000000000037       0.59807112116287320     
  0.54000000000000037       0.59942962316249027     
  0.54100000000000037       0.60078975479218244     
  0.54200000000000037       0.60215152171118136     
  0.54300000000000037       0.60351492959888409     
  0.54400000000000037       0.60487998415495536     
  0.54500000000000037       0.60624669109943063     
  0.54600000000000037       0.60761505617281930     
  0.54700000000000037       0.60898508513620908     
  0.54800000000000038       0.61035678377137048     
  0.54900000000000038       0.61173015788086205     
  0.55000000000000038       0.61310521328813616     
  0.55100000000000038       0.61448195583764598     
  0.55200000000000038       0.61586039139495174     
  0.55300000000000038       0.61724052584682954     
  0.55400000000000038       0.61862236510137836     
  0.55500000000000038       0.62000591508813041     
  0.55600000000000038       0.62139118175815966     
  0.55700000000000038       0.62277817108419264     
  0.55800000000000038       0.62416688906071927     
  0.55900000000000039       0.62555734170410404     
  0.56000000000000039       0.62694953505269868     
  0.56100000000000039       0.62834347516695477     
  0.56200000000000039       0.62973916812953701     
  0.56300000000000039       0.63113662004543791     
  0.56400000000000039       0.63253583704209193     
  0.56500000000000039       0.63393682526949169     
  0.56600000000000039       0.63533959090030356     
  0.56700000000000039       0.63674414012998504     
  0.56800000000000039       0.63815047917690182     
  0.56900000000000039       0.63955861428244631     
  0.57000000000000040       0.64096855171115652     
  0.57100000000000040       0.64238029775083560     
  0.57200000000000040       0.64379385871267270     
  0.57300000000000040       0.64520924093136300     
  0.57400000000000040       0.64662645076523073     
  0.57500000000000040       0.64804549459635064     
  0.57600000000000040       0.64946637883067182     
  0.57700000000000040       0.65088910989814130     
  0.57800000000000040       0.65231369425282937     
  0.57900000000000040       0.65374013837305434     
  0.58000000000000040       0.65516844876150881     
  0.58100000000000041       0.65659863194538715     
  0.58200000000000041       0.65803069447651275     
  0.58300000000000041       0.65946464293146645     
  0.58400000000000041       0.66090048391171630     
  0.58500000000000041       0.66233822404374676     
  0.58600000000000041       0.66377786997919030     
  0.58700000000000041       0.66521942839495862     
  0.58800000000000041       0.66666290599337485     
  0.58900000000000041       0.66810830950230715     
  0.59000000000000041       0.66955564567530246     
  0.59100000000000041       0.67100492129172118     
  0.59200000000000041       0.67245614315687297     
  0.59300000000000042       0.67390931810215304     
  0.59400000000000042       0.67536445298517966     
  0.59500000000000042       0.67682155468993210     
  0.59600000000000042       0.67828063012688911     
  0.59700000000000042       0.67974168623316955     
  0.59800000000000042       0.68120472997267245     
  0.59900000000000042       0.68266976833621862     
  0.60000000000000042       0.68413680834169288     
  0.60100000000000042       0.68560585703418764     
  0.60200000000000042       0.68707692148614641     
  0.60300000000000042       0.68855000879750938     
  0.60400000000000043       0.69002512609585898     
  0.60500000000000043       0.69150228053656659     
  0.60600000000000043       0.69298147930294052     
  0.60700000000000043       0.69446272960637401     
  0.60800000000000043       0.69594603868649541     
  0.60900000000000043       0.69743141381131801     
  0.61000000000000043       0.69891886227739164     
  0.61100000000000043       0.70040839140995526     
  0.61200000000000043       0.70190000856308932     
  0.61300000000000043       0.70339372111987075     
  0.61400000000000043       0.70488953649252784     
  0.61500000000000044       0.70638746212259618     
  0.61600000000000044       0.70788750548107571     
  0.61700000000000044       0.70938967406858910     
  0.61800000000000044       0.71089397541554022     
  0.61900000000000044       0.71240041708227475     
  0.62000000000000044       0.71390900665924084     
  0.62100000000000044       0.71541975176715111     
  0.62200000000000044       0.71693266005714573     
  0.62300000000000044       0.71844773921095673     
  0.62400000000000044       0.71996499694107263     
  0.62500000000000044       0.72148444099090514     
  0.62600000000000044       0.72300607913495551     
  0.62700000000000045       0.72452991917898379     
  0.62800000000000045       0.72605596896017732     
  0.62900000000000045       0.72758423634732106     
  0.63000000000000045       0.72911472924096976     
  0.63100000000000045       0.73064745557361976     
  0.63200000000000045       0.73218242330988281     
  0.63300000000000045       0.73371964044666083     
  0.63400000000000045       0.73525911501332175     
  0.63500000000000045       0.73680085507187631     
  0.63600000000000045       0.73834486871715632     
  0.63700000000000045       0.73989116407699362     
  0.63800000000000046       0.74143974931240042     
  0.63900000000000046       0.74299063261775111     
  0.64000000000000046       0.74454382222096460     
  0.64100000000000046       0.74609932638368825     
  0.64200000000000046       0.74765715340148275     
  0.64300000000000046       0.74921731160400840     
  0.64400000000000046       0.75077980935521271     
  0.64500000000000046       0.75234465505351855     
  0.64600000000000046       0.75391185713201403     
  0.64700000000000046       0.75548142405864382     
  0.64800000000000046       0.75705336433640114     
  0.64900000000000047       0.75862768650352153     
  0.65000000000000047       0.76020439913367699     
  0.65100000000000047       0.76178351083617279     
  0.65200000000000047       0.76336503025614399     
  0.65300000000000047       0.76494896607475471     
  0.65400000000000047       0.76653532700939730     
  0.65500000000000047       0.76812412181389411     
  0.65600000000000047       0.76971535927869916     
  0.65700000000000047       0.77130904823110302     
  0.65800000000000047       0.77290519753543674     
  0.65900000000000047       0.77450381609327912     
  0.66000000000000048       0.77610491284366434     
  0.66100000000000048       0.77770849676329057     
  0.66200000000000048       0.77931457686673133     
  0.66300000000000048       0.78092316220664704     
  0.66400000000000048       0.78253426187399788     
  0.66500000000000048       0.78414788499825949     
  0.66600000000000048       0.78576404074763806     
  0.66700000000000048       0.78738273832928862     
  0.66800000000000048       0.78900398698953333     
  0.66900000000000048       0.79062779601408295     
  0.67000000000000048       0.79225417472825754     
  0.67100000000000048       0.79388313249721076     
  0.67200000000000049       0.79551467872615422     
  0.67300000000000049       0.79714882286058386     
  0.67400000000000049       0.79878557438650788     
  0.67500000000000049       0.80042494283067644     
  0.67600000000000049       0.80206693776081162     
  0.67700000000000049       0.80371156878584105     
  0.67800000000000049       0.80535884555613080     
  0.67900000000000049       0.80700877776372171     
  0.68000000000000049       0.80866137514256609     
  0.68100000000000049       0.81031664746876653     
  0.68200000000000049       0.81197460456081649     
  0.68300000000000050       0.81363525627984168     
  0.68400000000000050       0.81529861252984404     
  0.68500000000000050       0.81696468325794713     
  0.68600000000000050       0.81863347845464229     
  0.68700000000000050       0.82030500815403773     
  0.68800000000000050       0.82197928243410878     
  0.68900000000000050       0.82365631141694928     
  0.69000000000000050       0.82533610526902579     
  0.69100000000000050       0.82701867420143227     
  0.69200000000000050       0.82870402847014779     
  0.69300000000000050       0.83039217837629509     
  0.69400000000000051       0.83208313426640068     
  0.69500000000000051       0.83377690653265812     
  0.69600000000000051       0.83547350561319134     
  0.69700000000000051       0.83717294199232106     
  0.69800000000000051       0.83887522620083210     
  0.69900000000000051       0.84058036881624376     
  0.70000000000000051       0.84228838046308030     
  0.70100000000000051       0.84399927181314505     
  0.70200000000000051       0.84571305358579485     
  0.70300000000000051       0.84742973654821818     
  0.70400000000000051       0.84914933151571304     
  0.70500000000000052       0.85087184935196847     
  0.70600000000000052       0.85259730096934727     
  0.70700000000000052       0.85432569732917107     
  0.70800000000000052       0.85605704944200656     
  0.70900000000000052       0.85779136836795478     
  0.71000000000000052       0.85952866521694171     
  0.71100000000000052       0.86126895114901103     
  0.71200000000000052       0.86301223737461885     
  0.71300000000000052       0.86475853515493095     
  0.71400000000000052       0.86650785580212153     
  0.71500000000000052       0.86826021067967429     
  0.71600000000000052       0.87001561120268522     
  0.71700000000000053       0.87177406883816877     
  0.71800000000000053       0.87353559510536416     
  0.71900000000000053       0.87530020157604593     
  0.72000000000000053       0.87706789987483513     
  0.72100000000000053       0.87883870167951317     
  0.72200000000000053       0.88061261872133856     
  0.72300000000000053       0.88238966278536468     
  0.72400000000000053       0.88416984571076074     
  0.72500000000000053       0.88595317939113449     
  0.72600000000000053       0.88773967577485779     
  0.72700000000000053       0.88952934686539331     
  0.72800000000000054       0.89132220472162538     
  0.72900000000000054       0.89311826145819095     
  0.73000000000000054       0.89491752924581547     
  0.73100000000000054       0.89672002031164844     
  0.73200000000000054       0.89852574693960352     
  0.73300000000000054       0.90033472147070026     
  0.73400000000000054       0.90214695630340758     
  0.73500000000000054       0.90396246389399137     
  0.73600000000000054       0.90578125675686261     
  0.73700000000000054       0.90760334746492977     
  0.73800000000000054       0.90942874864995238     
  0.73900000000000055       0.91125747300289817     
  0.74000000000000055       0.91308953327430187     
  0.74100000000000055       0.91492494227462751     
  0.74200000000000055       0.91676371287463232     
  0.74300000000000055       0.91860585800573447     
  0.74400000000000055       0.92045139066038217     
  0.74500000000000055       0.92230032389242667     
  0.74600000000000055       0.92415267081749675     
  0.74700000000000055       0.92600844461337706     
  0.74800000000000055       0.92786765852038855     
  0.74900000000000055       0.92973032584177195     
  0.75000000000000056       0.93159645994407347     
  0.75100000000000056       0.93346607425753447     
  0.75200000000000056       0.93533918227648283     
  0.75300000000000056       0.93721579755972739     
  0.75400000000000056       0.93909593373095623     
  0.75500000000000056       0.94097960447913664     
  0.75600000000000056       0.94286682355891871     
  0.75700000000000056       0.94475760479104154     
  0.75800000000000056       0.94665196206274316     
  0.75900000000000056       0.94854990932817229     
  0.76000000000000056       0.95045146060880403     
  0.76100000000000056       0.95235662999385873     
  0.76200000000000057       0.95426543164072297     
  0.76300000000000057       0.95617787977537494     
  0.76400000000000057       0.95809398869281170     
  0.76500000000000057       0.96001377275748101     
  0.76600000000000057       0.96193724640371492     
  0.76700000000000057       0.96386442413616757     
  0.76800000000000057       0.96579532053025607     
  0.76900000000000057       0.96772995023260433     
  0.77000000000000057       0.96966832796149061     
  0.77100000000000057       0.97161046850729815     
  0.77200000000000057       0.97355638673296951     
  0.77300000000000058       0.97550609757446372     
  0.77400000000000058       0.97745961604121767     
  0.77500000000000058       0.97941695721660993     
  0.77600000000000058       0.98137813625842951     
  0.77700000000000058       0.98334316839934643     
  0.77800000000000058       0.98531206894738754     
  0.77900000000000058       0.98728485328641435     
  0.78000000000000058       0.98926153687660612     
  0.78100000000000058       0.99124213525494476     
  0.78200000000000058       0.99322666403570525     
  0.78300000000000058       0.99521513891094859     
  0.78400000000000059       0.99720757565101881     
  0.78500000000000059       0.99920399010504379     
  0.78600000000000059        1.0012043982014402     
  0.78700000000000059        1.0032088159484216     
  0.78800000000000059        1.0052172594345110     
  0.78900000000000059        1.0072297448290575     
  0.79000000000000059        1.0092462883827560     
  0.79100000000000059        1.0112669064281725     
  0.79200000000000059        1.0132916153802707     
  0.79300000000000059        1.0153204317369462     
  0.79400000000000059        1.0173533720795618     
  0.79500000000000060        1.0193904530734890     
  0.79600000000000060        1.0214316914686516     
  0.79700000000000060        1.0234771041000763     
  0.79800000000000060        1.0255267078884445     
  0.79900000000000060        1.0275805198406509     
  0.80000000000000060        1.0296385570503652     
  0.80100000000000060        1.0317008366985978     
  0.80200000000000060        1.0337673760542712     
  0.80300000000000060        1.0358381924747948     
  0.80400000000000060        1.0379133034066448     
  0.80500000000000060        1.0399927263859481     
  0.80600000000000060        1.0420764790390709     
  0.80700000000000061        1.0441645790832126     
  0.80800000000000061        1.0462570443270036     
  0.80900000000000061        1.0483538926711078     
  0.81000000000000061        1.0504551421088306     
  0.81100000000000061        1.0525608107267304     
  0.81200000000000061        1.0546709167052362     
  0.81300000000000061        1.0567854783192698     
  0.81400000000000061        1.0589045139388724     
  0.81500000000000061        1.0610280420298364     
  0.81600000000000061        1.0631560811543421     
  0.81700000000000061        1.0652886499716003     
  0.81800000000000062        1.0674257672384992     
  0.81900000000000062        1.0695674518102560     
  0.82000000000000062        1.0717137226410749     
  0.82100000000000062        1.0738645987848099     
  0.82200000000000062        1.0760200993956319     
  0.82300000000000062        1.0781802437287036     
  0.82400000000000062        1.0803450511408561     
  0.82500000000000062        1.0825145410912755     
  0.82600000000000062        1.0846887331421906     
  0.82700000000000062        1.0868676469595691     
  0.82800000000000062        1.0890513023138182     
  0.82900000000000063        1.0912397190804917     
  0.83000000000000063        1.0934329172410013     
  0.83100000000000063        1.0956309168833351     
  0.83200000000000063        1.0978337382027814     
  0.83300000000000063        1.1000414015026587     
  0.83400000000000063        1.1022539271950509     
  0.83500000000000063        1.1044713358015488     
  0.83600000000000063        1.1066936479539984     
  0.83700000000000063        1.1089208843952543     
  0.83800000000000063        1.1111530659799398     
  0.83900000000000063        1.1133902136752130     
  0.84000000000000064        1.1156323485615394     
  0.84100000000000064        1.1178794918334700     
  0.84200000000000064        1.1201316648004283     
  0.84300000000000064        1.1223888888874993     
  0.84400000000000064        1.1246511856362305     
  0.84500000000000064        1.1269185767054348     
  0.84600000000000064        1.1291910838720027     
  0.84700000000000064        1.1314687290317205     
  0.84800000000000064        1.1337515342000948     
  0.84900000000000064        1.1360395215131849     
  0.85000000000000064        1.1383327132284409     
  0.85100000000000064        1.1406311317255504     
  0.85200000000000065        1.1429347995072903     
  0.85300000000000065        1.1452437392003869     
  0.85400000000000065        1.1475579735563832     
  0.85500000000000065        1.1498775254525135     
  0.85600000000000065        1.1522024178925845     
  0.85700000000000065        1.1545326740078645     
  0.85800000000000065        1.1568683170579801     
  0.85900000000000065        1.1592093704318207     
  0.86000000000000065        1.1615558576484490     
  0.86100000000000065        1.1639078023580225     
  0.86200000000000065        1.1662652283427182     
  0.86300000000000066        1.1686281595176695     
  0.86400000000000066        1.1709966199319088     
  0.86500000000000066        1.1733706337693179     
  0.86600000000000066        1.1757502253495882     
  0.86700000000000066        1.1781354191291862     
  0.86800000000000066        1.1805262397023313     
  0.86900000000000066        1.1829227118019774     
  0.87000000000000066        1.1853248603008069     
  0.87100000000000066        1.1877327102122306     
  0.87200000000000066        1.1901462866913972     
  0.87300000000000066        1.1925656150362112     
  0.87400000000000067        1.1949907206883601     
  0.87500000000000067        1.1974216292343496     
  0.87600000000000067        1.1998583664065483     
  0.87700000000000067        1.2023009580842416     
  0.87800000000000067        1.2047494302946937     
  0.87900000000000067        1.2072038092142208     
  0.88000000000000067        1.2096641211692700     
  0.88100000000000067        1.2121303926375129     
  0.88200000000000067        1.2146026502489438     
  0.88300000000000067        1.2170809207869893     
  0.88400000000000067        1.2195652311896288     
  0.88500000000000068        1.2220556085505232     
  0.88600000000000068        1.2245520801201535     
  0.88700000000000068        1.2270546733069705     
  0.88800000000000068        1.2295634156785535     
  0.88900000000000068        1.2320783349627804     
  0.89000000000000068        1.2345994590490064     
  0.89100000000000068        1.2371268159892541     
  0.89200000000000068        1.2396604339994151     
  0.89300000000000068        1.2422003414604599     
  0.89400000000000068        1.2447465669196611     
  0.89500000000000068        1.2472991390918251     
  0.89600000000000068        1.2498580868605358     
  0.89700000000000069        1.2524234392794102     
  0.89800000000000069        1.2549952255733643     
  0.89900000000000069        1.2575734751398893     
  0.90000000000000069        1.2601582175503410     
  0.90100000000000069        1.2627494825512404     
  0.90200000000000069        1.2653473000655850     
  0.90300000000000069        1.2679517001941727     
  0.90400000000000069        1.2705627132169373     
  0.90500000000000069        1.2731803695942956     
  0.90600000000000069        1.2758046999685086     
  0.90700000000000069        1.2784357351650517     
  0.90800000000000070        1.2810735061940002     
  0.90900000000000070        1.2837180442514267     
  0.91000000000000070        1.2863693807208094     
  0.91100000000000070        1.2890275471744559     
  0.91200000000000070        1.2916925753749375     
  0.91300000000000070        1.2943644972765393     
  0.91400000000000070        1.2970433450267200     
  0.91500000000000070        1.2997291509675886     
  0.91600000000000070        1.3024219476373917     
  0.91700000000000070        1.3051217677720175     
  0.91800000000000070        1.3078286443065099     
  0.91900000000000071        1.3105426103766000     
  0.92000000000000071        1.3132636993202498     
  0.92100000000000071        1.3159919446792101     
  0.92200000000000071        1.3187273802005939     
  0.92300000000000071        1.3214700398384636     
  0.92400000000000071        1.3242199577554328     
  0.92500000000000071        1.3269771683242839     
  0.92600000000000071        1.3297417061295991     
  0.92700000000000071        1.3325136059694085     
  0.92800000000000071        1.3352929028568521     
  0.92900000000000071        1.3380796320218578     
  0.93000000000000071        1.3408738289128364     
  0.93100000000000072        1.3436755291983893     
  0.93200000000000072        1.3464847687690358     
  0.93300000000000072        1.3493015837389546     
  0.93400000000000072        1.3521260104477419     
  0.93500000000000072        1.3549580854621870     
  0.93600000000000072        1.3577978455780628     
  0.93700000000000072        1.3606453278219361     
  0.93800000000000072        1.3635005694529923     
  0.93900000000000072        1.3663636079648784     
  0.94000000000000072        1.3692344810875650     
  0.94100000000000072        1.3721132267892231     
  0.94200000000000073        1.3749998832781214     
  0.94300000000000073        1.3778944890045408     
  0.94400000000000073        1.3807970826627067     
  0.94500000000000073        1.3837077031927401     
  0.94600000000000073        1.3866263897826281     
  0.94700000000000073        1.3895531818702131     
  0.94800000000000073        1.3924881191452005     
  0.94900000000000073        1.3954312415511854     
  0.95000000000000073        1.3983825892877013     
  0.95100000000000073        1.4013422028122859     
  0.95200000000000073        1.4043101228425685     
  0.95300000000000074        1.4072863903583765     
  0.95400000000000074        1.4102710466038642     
  0.95500000000000074        1.4132641330896598     
  0.95600000000000074        1.4162656915950360     
  0.95700000000000074        1.4192757641701002     
  0.95800000000000074        1.4222943931380057     
  0.95900000000000074        1.4253216210971866     
  0.96000000000000074        1.4283574909236127     
  0.96100000000000074        1.4314020457730678     
  0.96200000000000074        1.4344553290834492     
  0.96300000000000074        1.4375173845770910     
  0.96400000000000075        1.4405882562631109     
  0.96500000000000075        1.4436679884397776     
  0.96600000000000075        1.4467566256969053     
  0.96700000000000075        1.4498542129182685     
  0.96800000000000075        1.4529607952840438     
  0.96900000000000075        1.4560764182732735     
  0.97000000000000075        1.4592011276663561     
  0.97100000000000075        1.4623349695475598     
  0.97200000000000075        1.4654779903075625     
  0.97300000000000075        1.4686302366460162     
  0.97400000000000075        1.4717917555741384     
  0.97500000000000075        1.4749625944173286     
  0.97600000000000076        1.4781428008178110     
  0.97700000000000076        1.4813324227373055     
  0.97800000000000076        1.4845315084597239     
  0.97900000000000076        1.4877401065938947     
  0.98000000000000076        1.4909582660763139     
  0.98100000000000076        1.4941860361739268     
  0.98200000000000076        1.4974234664869341     
  0.98300000000000076        1.5006706069516309     
  0.98400000000000076        1.5039275078432710     
  0.98500000000000076        1.5071942197789632     
  0.98600000000000076        1.5104707937205950     
  0.98700000000000077        1.5137572809777897     
  0.98800000000000077        1.5170537332108898     
  0.98900000000000077        1.5203602024339740     
  0.99000000000000077        1.5236767410179048     
  0.99100000000000077        1.5270034016934073     
  0.99200000000000077        1.5303402375541795     
  0.99300000000000077        1.5336873020600361     
  0.99400000000000077        1.5370446490400840     
  0.99500000000000077        1.5404123326959309     
  0.99600000000000077        1.5437904076049282     
  0.99700000000000077        1.5471789287234470     
  0.99800000000000078        1.5505779513901887     
  0.99900000000000078        1.5539875313295304     
   1.0000000000000007        1.5574077246549045     
   1.0010000000000006        1.5608385878722169     
   1.0020000000000004        1.5642801778832973     
   1.0030000000000003        1.5677325519893877     
   1.0040000000000002        1.5711957678946691     
   1.0050000000000001        1.5746698837098234     
   1.0060000000000000        1.5781549579556347     
   1.0069999999999999        1.5816510495666276     
   1.0079999999999998        1.5851582178947456     
   1.0089999999999997        1.5886765227130688     
   1.0099999999999996        1.5922060242195688     
   1.0109999999999995        1.5957467830409082     
   1.0119999999999993        1.5992988602362768     
   1.0129999999999992        1.6028623173012710     
   1.0139999999999991        1.6064372161718157     
   1.0149999999999990        1.6100236192281268     
   1.0159999999999989        1.6136215892987171     
   1.0169999999999988        1.6172311896644469     
   1.0179999999999987        1.6208524840626157     
   1.0189999999999986        1.6244855366911026     
   1.0199999999999985        1.6281304122125471     
   1.0209999999999984        1.6317871757585789     
   1.0219999999999982        1.6354558929340930     
   1.0229999999999981        1.6391366298215706     
   1.0239999999999980        1.6428294529854495     
   1.0249999999999979        1.6465344294765401     
   1.0259999999999978        1.6502516268364915     
   1.0269999999999977        1.6539811131023072     
   1.0279999999999976        1.6577229568109093     
   1.0289999999999975        1.6614772270037552     
   1.0299999999999974        1.6652439932315024     
   1.0309999999999973        1.6690233255587295     
   1.0319999999999971        1.6728152945687054     
   1.0329999999999970        1.6766199713682148     
   1.0339999999999969        1.6804374275924361     
   1.0349999999999968        1.6842677354098741     
   1.0359999999999967        1.6881109675273489     
   1.0369999999999966        1.6919671971950399     
   1.0379999999999965        1.6958364982115868     
   1.0389999999999964        1.6997189449292480     
   1.0399999999999963        1.7036146122591185     
   1.0409999999999962        1.7075235756764053     
   1.0419999999999960        1.7114459112257630     
   1.0429999999999959        1.7153816955266914     
   1.0439999999999958        1.7193310057789926     
   1.0449999999999957        1.7232939197682917     
   1.0459999999999956        1.7272705158716199     
   1.0469999999999955        1.7312608730630628     
   1.0479999999999954        1.7352650709194708     
   1.0489999999999953        1.7392831896262391     
   1.0499999999999952        1.7433153099831507     
   1.0509999999999950        1.7473615134102882     
   1.0519999999999949        1.7514218819540153     
   1.0529999999999948        1.7554964982930243     
   1.0539999999999947        1.7595854457444582     
   1.0549999999999946        1.7636888082700999     
   1.0559999999999945        1.7678066704826356     
   1.0569999999999944        1.7719391176519919     
   1.0579999999999943        1.7760862357117453     
   1.0589999999999942        1.7802481112656074     
   1.0599999999999941        1.7844248315939877     
   1.0609999999999939        1.7886164846606318     
   1.0619999999999938        1.7928231591193384     
   1.0629999999999937        1.7970449443207566     
   1.0639999999999936        1.8012819303192613     
   1.0649999999999935        1.8055342078799141     
   1.0659999999999934        1.8098018684855028     
   1.0669999999999933        1.8140850043436672     
   1.0679999999999932        1.8183837083941088     
   1.0689999999999931        1.8226980743158876     
   1.0699999999999930        1.8270281965348061     
   1.0709999999999928        1.8313741702308810     
   1.0719999999999927        1.8357360913459058     
   1.0729999999999926        1.8401140565911045     
   1.0739999999999925        1.8445081634548768     
   1.0749999999999924        1.8489185102106382     
   1.0759999999999923        1.8533451959247551     
   1.0769999999999922        1.8577883204645742     
   1.0779999999999921        1.8622479845065534     
   1.0789999999999920        1.8667242895444884     
   1.0799999999999919        1.8712173378978416     
   1.0809999999999917        1.8757272327201726     
   1.0819999999999916        1.8802540780076726     
   1.0829999999999915        1.8847979786078037     
   1.0839999999999914        1.8893590402280436     
   1.0849999999999913        1.8939373694447390     
   1.0859999999999912        1.8985330737120700     
   1.0869999999999911        1.9031462613711234     
   1.0879999999999910        1.9077770416590796     
   1.0889999999999909        1.9124255247185142     
   1.0899999999999908        1.9170918216068162     
   1.0909999999999906        1.9217760443057217     
   1.0919999999999905        1.9264783057309702     
   1.0929999999999904        1.9311987197420797     
   1.0939999999999903        1.9359374011522459     
   1.0949999999999902        1.9406944657383656     
   1.0959999999999901        1.9454700302511885     
   1.0969999999999900        1.9502642124255942     
   1.0979999999999899        1.9550771309910033     
   1.0989999999999898        1.9599089056819188     
   1.0999999999999897        1.9647596572486017     
   1.1009999999999895        1.9696295074678840     
   1.1019999999999894        1.9745185791541195     
   1.1029999999999893        1.9794269961702757     
   1.1039999999999892        1.9843548834391660     
   1.1049999999999891        1.9893023669548306     
   1.1059999999999890        1.9942695737940603     
   1.1069999999999889        1.9992566321280718     
   1.1079999999999888        2.0042636712343329     
   1.1089999999999887        2.0092908215085434     
   1.1099999999999886        2.0143382144767696     
   1.1109999999999884        2.0194059828077378     
   1.1119999999999883        2.0244942603252905     
   1.1129999999999882        2.0296031820210034     
   1.1139999999999881        2.0347328840669689     
   1.1149999999999880        2.0398835038287477     
   1.1159999999999879        2.0450551798784931     
   1.1169999999999878        2.0502480520082451     
   1.1179999999999877        2.0554622612434050     
   1.1189999999999876        2.0606979498563858     
   1.1199999999999875        2.0659552613804442     
   1.1209999999999873        2.0712343406236999     
   1.1219999999999872        2.0765353336833408     
   1.1229999999999871        2.0818583879600157     
   1.1239999999999870        2.0872036521724260     
   1.1249999999999869        2.0925712763721087     
   1.1259999999999868        2.0979614119584213     
   1.1269999999999867        2.1033742116937293     
   1.1279999999999866        2.1088098297187980     
   1.1289999999999865        2.1142684215683958     
   1.1299999999999863        2.1197501441871061     
   1.1309999999999862        2.1252551559453590     
   1.1319999999999861        2.1307836166556799     
   1.1329999999999860        2.1363356875891619     
   1.1339999999999859        2.1419115314921613     
   1.1349999999999858        2.1475113126032292     
   1.1359999999999857        2.1531351966702705     
   1.1369999999999856        2.1587833509679428     
   1.1379999999999855        2.1644559443152982     
   1.1389999999999854        2.1701531470936670     
   1.1399999999999852        2.1758751312647915     
   1.1409999999999851        2.1816220703892157     
   1.1419999999999850        2.1873941396449279     
   1.1429999999999849        2.1931915158462671     
   1.1439999999999848        2.1990143774630964     
   1.1449999999999847        2.2048629046402439     
   1.1459999999999846        2.2107372792172195     
   1.1469999999999845        2.2166376847482114     
   1.1479999999999844        2.2225643065223655     
   1.1489999999999843        2.2285173315843525     
   1.1499999999999841        2.2344969487552309     
   1.1509999999999840        2.2405033486536059     
   1.1519999999999839        2.2465367237170919     
   1.1529999999999838        2.2525972682240831     
   1.1539999999999837        2.2586851783158384     
   1.1549999999999836        2.2648006520188844     
   1.1559999999999835        2.2709438892677416     
   1.1569999999999834        2.2771150919279814     
   1.1579999999999833        2.2833144638196194     
   1.1589999999999832        2.2895422107408447     
   1.1599999999999830        2.2957985404921013     
   1.1609999999999829        2.3020836629005195     
   1.1619999999999828        2.3083977898447050     
   1.1629999999999827        2.3147411352798954     
   1.1639999999999826        2.3211139152634859     
   1.1649999999999825        2.3275163479809313     
   1.1659999999999824        2.3339486537720351     
   1.1669999999999823        2.3404110551576269     
   1.1679999999999822        2.3469037768666365     
   1.1689999999999821        2.3534270458635764     
   1.1699999999999819        2.3599810913764294     
   1.1709999999999818        2.3665661449249615     
   1.1719999999999817        2.3731824403494541     
   1.1729999999999816        2.3798302138398757     
   1.1739999999999815        2.3865097039654910     
   1.1749999999999814        2.3932211517049189     
   1.1759999999999813        2.3999648004766492     
   1.1769999999999812        2.4067408961700232     
   1.1779999999999811        2.4135496871766859     
   1.1789999999999810        2.4203914244225246     
   1.1799999999999808        2.4272663614000916     
   1.1809999999999807        2.4341747542015311     
   1.1819999999999806        2.4411168615520120     
   1.1829999999999805        2.4480929448436770     
   1.1839999999999804        2.4551032681701206     
   1.1849999999999803        2.4621480983614026     
   1.1859999999999802        2.4692277050196063     
   1.1869999999999801        2.4763423605549533     
   1.1879999999999800        2.4834923402224862     
   1.1889999999999799        2.4906779221593234     
   1.1899999999999797        2.4978993874225064     
   1.1909999999999796        2.5051570200274402     
   1.1919999999999795        2.5124511069869460     
   1.1929999999999794        2.5197819383509312     
   1.1939999999999793        2.5271498072466945     
   1.1949999999999792        2.5345550099198695     
   1.1959999999999791        2.5419978457760313     
   1.1969999999999790        2.5494786174229627     
   1.1979999999999789        2.5569976307136053     
   1.1989999999999787        2.5645551947897043     
   1.1999999999999786        2.5721516221261562     
   1.2009999999999785        2.5797872285760799     
   1.2019999999999784        2.5874623334166174     
   1.2029999999999783        2.5951772593954838     
   1.2039999999999782        2.6029323327782792     
   1.2049999999999781        2.6107278833965744     
   1.2059999999999780        2.6185642446967892     
   1.2069999999999779        2.6264417537898774     
   1.2079999999999778        2.6343607515018324     
   1.2089999999999776        2.6423215824250290     
   1.2099999999999775        2.6503245949704213     
   1.2109999999999774        2.6583701414206113     
   1.2119999999999773        2.6664585779838030     
   1.2129999999999772        2.6745902648486624     
   1.2139999999999771        2.6827655662400991     
   1.2149999999999770        2.6909848504759908     
   1.2159999999999769        2.6992484900248637     
   1.2169999999999768        2.7075568615645547     
   1.2179999999999767        2.7159103460418685     
   1.2189999999999765        2.7243093287332538     
   1.2199999999999764        2.7327541993065156     
   1.2209999999999763        2.7412453518835882     
   1.2219999999999762        2.7497831851043868     
   1.2229999999999761        2.7583681021917603     
   1.2239999999999760        2.7670005110175686     
   1.2249999999999759        2.7756808241699051     
   1.2259999999999758        2.7844094590214925     
   1.2269999999999757        2.7931868377992672     
   1.2279999999999756        2.8020133876551858     
   1.2289999999999754        2.8108895407382710     
   1.2299999999999753        2.8198157342679311     
   1.2309999999999752        2.8287924106085676     
   1.2319999999999751        2.8378200173455093     
   1.2329999999999750        2.8468990073622922     
   1.2339999999999749        2.8560298389193184     
   1.2349999999999748        2.8652129757339182     
   1.2359999999999747        2.8744488870618476     
   1.2369999999999746        2.8837380477802537     
   1.2379999999999745        2.8930809384721297     
   1.2389999999999743        2.9024780455123036     
   1.2399999999999742        2.9119298611549818     
   1.2409999999999741        2.9214368836228894     
   1.2419999999999740        2.9309996171980335     
   1.2429999999999739        2.9406185723141292     
   1.2439999999999738        2.9502942656507236     
   1.2449999999999737        2.9600272202290530     
   1.2459999999999736        2.9698179655096677     
   1.2469999999999735        2.9796670374918710     
   1.2479999999999734        2.9895749788150030     
   1.2489999999999732        2.9995423388616125     
   1.2499999999999731        3.0095696738625612     
   1.2509999999999730        3.0196575470040985     
   1.2519999999999729        3.0298065285369500     
   1.2529999999999728        3.0400171958874695     
   1.2539999999999727        3.0502901337708908     
   1.2549999999999726        3.0606259343067359     
   1.2559999999999725        3.0710251971364211     
   1.2569999999999724        3.0814885295431114     
   1.2579999999999723        3.0920165465738743     
   1.2589999999999721        3.1026098711641845     
   1.2599999999999720        3.1132691342648320     
   1.2609999999999719        3.1239949749712879     
   1.2619999999999718        3.1347880406555837     
   1.2629999999999717        3.1456489871007620     
   1.2639999999999716        3.1565784786379565     
   1.2649999999999715        3.1675771882861610     
   1.2659999999999714        3.1786457978947493     
   1.2669999999999713        3.1897849982888138     
   1.2679999999999712        3.2009954894173767     
   1.2689999999999710        3.2122779805045560     
   1.2699999999999709        3.2236331902037398     
   1.2709999999999708        3.2350618467548520     
   1.2719999999999707        3.2465646881447703     
   1.2729999999999706        3.2581424622709814     
   1.2739999999999705        3.2697959271085413     
   1.2749999999999704        3.2815258508804250     
   1.2759999999999703        3.2933330122313396     
   1.2769999999999702        3.3052182004050898     
   1.2779999999999700        3.3171822154255786     
   1.2789999999999699        3.3292258682815268     
   1.2799999999999698        3.3413499811150067     
   1.2809999999999697        3.3535553874138779     
   1.2819999999999696        3.3658429322082211     
   1.2829999999999695        3.3782134722708665     
   1.2839999999999694        3.3906678763221212     
   1.2849999999999693        3.4032070252387872     
   1.2859999999999692        3.4158318122675917     
   1.2869999999999691        3.4285431432431226     
   1.2879999999999689        3.4413419368103924     
   1.2889999999999688        3.4542291246521377     
   1.2899999999999687        3.4672056517209784     
   1.2909999999999686        3.4802724764765540     
   1.2919999999999685        3.4934305711277625     
   1.2929999999999684        3.5066809218802315     
   1.2939999999999683        3.5200245291891576     
   1.2949999999999682        3.5334624080176393     
   1.2959999999999681        3.5469955881006561     
   1.2969999999999680        3.5606251142148309     
   1.2979999999999678        3.5743520464541234     
   1.2989999999999677        3.5881774605116137     
   1.2999999999999676        3.6021024479675257     
   1.3009999999999675        3.6161281165836576     
   1.3019999999999674        3.6302555906043836     
   1.3029999999999673        3.6444860110644020     
   1.3039999999999672        3.6588205361033999     
   1.3049999999999671        3.6732603412878251     
   1.3059999999999670        3.6878066199399475     
   1.3069999999999669        3.7024605834744042     
   1.3079999999999667        3.7172234617424302     
   1.3089999999999666        3.7320965033839753     
   1.3099999999999665        3.7470809761879256     
   1.3109999999999664        3.7621781674606427     
   1.3119999999999663        3.7773893844030457     
   1.3129999999999662        3.7927159544964719     
   1.3139999999999661        3.8081592258975525     
   1.3149999999999660        3.8237205678423480     
   1.3159999999999659        3.8394013710600055     
   1.3169999999999658        3.8552030481961888     
   1.3179999999999656        3.8711270342465647     
   1.3189999999999655        3.8871747870006139     
   1.3199999999999654        3.9033477874960623     
   1.3209999999999653        3.9196475404842253     
   1.3219999999999652        3.9360755749065777     
   1.3229999999999651        3.9526334443828604     
   1.3239999999999650        3.9693227277110532     
   1.3249999999999649        3.9861450293795544     
   1.3259999999999648        4.0031019800919125     
   1.3269999999999647        4.0201952373044731     
   1.3279999999999645        4.0374264857773099     
   1.3289999999999644        4.0547974381388299     
   1.3299999999999643        4.0723098354644423     
   1.3309999999999642        4.0899654478697149     
   1.3319999999999641        4.1077660751184215     
   1.3329999999999640        4.1257135472459439     
   1.3339999999999639        4.1438097251984622     
   1.3349999999999638        4.1620565014884123     
   1.3359999999999637        4.1804558008666932     
   1.3369999999999636        4.1990095810121213     
   1.3379999999999634        4.2177198332386645     
   1.3389999999999633        4.2365885832209704     
   1.3399999999999632        4.2556178917387628     
   1.3409999999999631        4.2748098554406768     
   1.3419999999999630        4.2941666076281182     
   1.3429999999999629        4.3136903190597762     
   1.3439999999999628        4.3333831987774101     
   1.3449999999999627        4.3532474949535915     
   1.3459999999999626        4.3732854957620670     
   1.3469999999999624        4.3934995302714501     
   1.3479999999999623        4.4138919693629930     
   1.3489999999999622        4.4344652266731757     
   1.3499999999999621        4.4552217595619137     
   1.3509999999999620        4.4761640701071927     
   1.3519999999999619        4.4972947061269846     
   1.3529999999999618        4.5186162622293118     
   1.3539999999999617        4.5401313808913697     
   1.3549999999999616        4.5618427535686603     
   1.3559999999999615        4.5837531218351062     
   1.3569999999999613        4.6058652785551519     
   1.3579999999999612        4.6281820690889282     
   1.3589999999999611        4.6507063925315464     
   1.3599999999999610        4.6734412029876689     
   1.3609999999999609        4.6963895108825406     
   1.3619999999999608        4.7195543843106798     
   1.3629999999999607        4.7429389504235218     
   1.3639999999999606        4.7665463968573247     
   1.3649999999999605        4.7903799732026942     
   1.3659999999999604        4.8144429925171792     
   1.3669999999999602        4.8387388328823819     
   1.3679999999999601        4.8632709390071502     
   1.3689999999999600        4.8880428238784335     
   1.3699999999999599        4.9130580704614646     
   1.3709999999999598        4.9383203334510020     
   1.3719999999999597        4.9638333410754303     
   1.3729999999999596        4.9896008969555812     
   1.3739999999999595        5.0156268820202303     
   1.3749999999999594        5.0419152564802898     
   1.3759999999999593        5.0684700618638141     
   1.3769999999999591        5.0952954231140035     
   1.3779999999999590        5.1223955507525059     
   1.3789999999999589        5.1497747431103873     
   1.3799999999999588        5.1774373886292651     
   1.3809999999999587        5.2053879682351845     
   1.3819999999999586        5.2336310577879361     
   1.3829999999999585        5.2621713306086324     
   1.3839999999999584        5.2910135600884658     
   1.3849999999999583        5.3201626223817149     
   1.3859999999999582        5.3496234991861895     
   1.3869999999999580        5.3794012806144416     
   1.3879999999999579        5.4095011681592160     
   1.3889999999999578        5.4399284777567773     
   1.3899999999999577        5.4706886429518979     
   1.3909999999999576        5.5017872181684586     
   1.3919999999999575        5.5332298820898131     
   1.3929999999999574        5.5650224411532196     
   1.3939999999999573        5.5971708331628669     
   1.3949999999999572        5.6296811310262180     
   1.3959999999999571        5.6625595466185974     
   1.3969999999999569        5.6958124347812102     
   1.3979999999999568        5.7294462974579670     
   1.3989999999999567        5.7634677879768024     
   1.3999999999999566        5.7978837154813876     
   1.4009999999999565        5.8327010495194429     
   1.4019999999999564        5.8679269247941486     
   1.4029999999999563        5.9035686460854544     
   1.4039999999999562        5.9396336933484184     
   1.4049999999999561        5.9761297269960458     
   1.4059999999999560        6.0130645933744775     
   1.4069999999999558        6.0504463304387270     
   1.4079999999999557        6.0882831736376124     
   1.4089999999999556        6.1265835620169176     
   1.4099999999999555        6.1653561445502900     
   1.4109999999999554        6.2046097867078496     
   1.4119999999999553        6.2443535772729888     
   1.4129999999999552        6.2845968354183679     
   1.4139999999999551        6.3253491180526886     
   1.4149999999999550        6.3666202274504018     
   1.4159999999999549        6.4084202191771436     
   1.4169999999999547        6.4507594103243733     
   1.4179999999999546        6.4936483880673590     
   1.4189999999999545        6.5370980185614354     
   1.4199999999999544        6.5811194561922344     
   1.4209999999999543        6.6257241531964262     
   1.4219999999999542        6.6709238696704043     
   1.4229999999999541        6.7167306839852836     
   1.4239999999999540        6.7631570036275948     
   1.4249999999999539        6.8102155764861072     
   1.4259999999999537        6.8579195026063493     
   1.4269999999999536        6.9062822464355946     
   1.4279999999999535        6.9553176495823550     
   1.4289999999999534        7.0050399441157873     
   1.4299999999999533        7.0554637664318403     
   1.4309999999999532        7.1066041717145430     
   1.4319999999999531        7.1584766490224281     
   1.4329999999999530        7.2110971370318611     
   1.4339999999999529        7.2644820404708828     
   1.4349999999999528        7.3186482472791639     
   1.4359999999999526        7.3736131465317714     
   1.4369999999999525        7.4293946471667214     
   1.4379999999999524        7.4860111975586721     
   1.4389999999999523        7.5434818059837108     
   1.4399999999999522        7.6018260620229139     
   1.4409999999999521        7.6610641589553170     
   1.4419999999999520        7.7212169171940657     
   1.4429999999999519        7.7823058088228851     
   1.4439999999999518        7.8443529832936143     
   1.4449999999999517        7.9073812943494159     
   1.4459999999999515        7.9714143282424077     
   1.4469999999999514        8.0364764333189118     
   1.4479999999999513        8.1025927510502740     
   1.4489999999999512        8.1697892485923536     
   1.4499999999999511        8.2380927529622401     
   1.4509999999999510        8.3075309869267215     
   1.4519999999999509        8.3781326067033586     
   1.4529999999999508        8.4499272415818645     
   1.4539999999999507        8.5229455355809129     
   1.4549999999999506        8.5972191912633811     
   1.4559999999999504        8.6727810158416681     
   1.4569999999999503        8.7496649697139564     
   1.4579999999999502        8.8279062175822638     
   1.4589999999999501        8.9075411823139650     
   1.4599999999999500        8.9886076017200800     
   1.4609999999999499        9.0711445884363222     
   1.4619999999999498        9.1551926931065157     
   1.4629999999999497        9.2407939710828266     
   1.4639999999999496        9.3279920528733467     
   1.4649999999999495        9.4168322185849291     
   1.4659999999999493        9.5073614766281871     
   1.4669999999999492        9.5996286469720609     
   1.4679999999999491        9.6936844492577894     
   1.4689999999999490        9.7895815961064123     
   1.4699999999999489        9.8873748919805067     
   1.4709999999999488        9.9871213379897164     
   1.4719999999999487        10.088880243061242     
   1.4729999999999486        10.192713341930858     
   1.4739999999999485        10.298684920447698     
   1.4749999999999484        10.406861948727236     
   1.4759999999999482        10.517314222732008     
   1.4769999999999481        10.630114514909019     
   1.4779999999999480        10.745338734567017     
   1.4789999999999479        10.863066098736375     
   1.4799999999999478        10.983379314319718     
   1.4809999999999477        11.106364772413475     
   1.4819999999999476        11.232112755759806     
   1.4829999999999475        11.360717660375789     
   1.4839999999999474        11.492278232503253     
   1.4849999999999473        11.626897822129234     
   1.4859999999999471        11.764684654444968     
   1.4869999999999470        11.905752120741964     
   1.4879999999999469        12.050219090388405     
   1.4889999999999468        12.198210245689960     
   1.4899999999999467        12.349856441617620     
   1.4909999999999466        12.505295092583967     
   1.4919999999999465        12.664670588670816     
   1.4929999999999464        12.828134743958167     
   1.4939999999999463        12.995847279880540     
   1.4949999999999461        13.167976346845565     
   1.4959999999999460        13.344699087695679     
   1.4969999999999459        13.526202246982002     
   1.4979999999999458        13.712682830455641     
   1.4989999999999457        13.904348819672476     
   1.4999999999999456        14.101419947160847     
   1.5009999999999455        14.304128538226054     
   1.5019999999999454        14.512720426171967     
   1.5029999999999453        14.727455948520092     
   1.5039999999999452        14.948611032714295     
   1.5049999999999450        15.176478380831504     
   1.5059999999999449        15.411368763994057     
   1.5069999999999448        15.653612438520613     
   1.5079999999999447        15.903560697386046     
   1.5089999999999446        16.161587572317451     
   1.5099999999999445        16.428091703870301     
   1.5109999999999444        16.703498399149183     
   1.5119999999999443        16.988261899513169     
   1.5129999999999442        17.282867883698085     
   1.5139999999999441        17.587836235370197     
   1.5149999999999439        17.903724108285910     
   1.5159999999999438        18.231129327075390     
   1.5169999999999437        18.570694167321648     
   1.5179999999999436        18.923109565223907     
   1.5189999999999435        19.289119814901401     
   1.5199999999999434        19.669527820536910     
   1.5209999999999433        20.065200981355364     
   1.5219999999999432        20.477077800219860     
   1.5229999999999431        20.906175321822325     
   1.5239999999999430        21.353597524563167     
   1.5249999999999428        21.820544811892059     
   1.5259999999999427        22.308324774914603     
   1.5269999999999426        22.818364429452359     
   1.5279999999999425        23.352224168725808     
   1.5289999999999424        23.911613718990797     
   1.5299999999999423        24.498410441803344     
   1.5309999999999422        25.114680395674554     
   1.5319999999999421        25.762702654990807     
   1.5329999999999420        26.444997489455172     
   1.5339999999999419        27.164359138461602     
   1.5349999999999417        27.923894078944663     
   1.5359999999999416        28.727065891830879     
   1.5369999999999415        29.577748093814520     
   1.5379999999999414        30.480286634565051     
   1.5389999999999413        31.439574187222703     
   1.5399999999999412        32.461138912794738     
   1.5409999999999411        33.551251098780959     
   1.5419999999999410        34.717052017013422     
   1.5429999999999409        35.966710596215862     
   1.5439999999999408        37.309615175317433     
   1.5449999999999406        38.756609856910096     
   1.5459999999999405        40.320288051464878     
   1.5469999999999404        42.015360035714750     
   1.5479999999999403        43.859117252513300     
   1.5489999999999402        45.872024421180910     
   1.5499999999999401        48.078482479080428     
